6
1
-1	33	20	7	8	4	30	15	31	6	-1	-1	27	28	-1	14	2	26	5	-1	21	-1	-1	16	11	34	3	19	29	13	12	18	22	36	35	24
23	16	-1	6	32	28	35	7	27	5	20	9	-1	17	-1	-1	4	-1	31	24	-1	33	18	-1	15	21	30	8	10	1	26	3	-1	25	-1	-1
35	34	27	-1	3	36	26	32	19	-1	13	2	10	6	8	-1	-1	23	12	-1	-1	-1	17	11	16	-1	20	-1	22	9	33	4	-1	-1	1	-1
24	30	-1	1	15	9	-1	36	-1	4	11	-1	5	7	32	3	-1	33	13	26	19	25	10	23	35	-1	-1	-1	27	12	31	14	8	29	17	-1
-1	29	31	-1	26	14	3	-1	-1	8	12	24	-1	22	-1	25	-1	11	28	-1	20	35	-1	4	32	2	-1	7	33	6	9	19	-1	15	34	10
-1	2	-1	22	18	-1	16	34	17	25	33	10	1	36	-1	13	24	19	-1	32	8	3	-1	-1	5	14	-1	31	26	4	21	28	27	-1	20	11
18	21	1	-1	36	12	29	10	-1	3	8	-1	2	-1	27	15	22	-1	7	17	6	34	-1	5	-1	26	28	-1	-1	30	-1	20	14	16	9	-1
-1	14	32	15	-1	6	31	5	18	34	23	25	9	-1	7	33	-1	24	21	20	2	10	13	35	29	22	-1	11	1	19	27	-1	28	4	-1	-1
-1	20	19	9	13	-1	21	-1	-1	-1	27	-1	17	5	-1	-1	10	16	4	-1	-1	23	8	36	31	25	34	-1	15	32	6	1	29	3	26	-1
29	3	-1	23	-1	-1	17	-1	6	30	28	19	13	26	36	-1	20	-1	24	-1	11	-1	22	-1	18	27	4	16	35	5	25	10	-1	8	32	33
10	-1	5	-1	-1	11	2	-1	13	16	36	-1	34	-1	-1	6	14	32	19	29	27	1	12	28	-1	33	17	21	-1	24	7	-1	-1	30	15	23
26	-1	25	35	28	34	32	14	12	9	-1	-1	-1	21	18	-1	1	30	-1	-1	15	-1	33	-1	36	6	23	-1	2	3	24	5	19	13	11	31
25	6	-1	29	33	26	-1	12	30	1	-1	-1	16	18	2	20	9	-1	-1	22	24	-1	35	-1	27	31	14	-1	-1	-1	-1	11	34	-1	5	17
21	27	8	16	20	-1	5	-1	24	-1	14	-1	7	-1	34	-1	3	13	36	-1	28	32	-1	6	-1	11	1	22	17	15	2	35	12	31	4	26
-1	-1	11	18	22	-1	19	8	4	17	2	-1	-1	-1	24	35	-1	5	23	12	33	-1	-1	-1	9	-1	32	36	-1	34	30	-1	10	-1	7	21
14	-1	9	13	-1	10	27	16	26	31	22	11	6	-1	28	19	30	-1	17	5	18	-1	15	7	25	-1	24	-1	-1	-1	20	33	36	-1	23	3
-1	5	-1	19	24	-1	-1	25	-1	-1	32	-1	26	15	-1	-1	33	14	30	-1	31	-1	29	34	28	-1	-1	3	4	21	8	13	1	22	16	9
-1	7	23	31	-1	17	34	21	35	28	18	-1	-1	27	4	36	-1	8	1	2	13	9	-1	26	-1	-1	6	-1	30	33	32	24	-1	-1	19	29
20	26	-1	10	-1	30	18	2	34	36	-1	8	-1	31	14	12	-1	-1	15	7	25	-1	5	24	-1	-1	-1	6	23	29	3	9	-1	1	-1	-1
36	-1	15	12	25	3	-1	19	7	23	30	20	-1	10	6	-1	-1	4	27	35	1	-1	9	13	-1	16	22	2	24	28	5	-1	33	-1	31	34
11	1	33	-1	17	-1	15	3	5	-1	16	-1	25	-1	-1	-1	13	34	26	6	4	2	-1	14	-1	18	36	-1	31	10	28	-1	7	12	21	35
9	23	28	-1	19	16	13	6	29	35	-1	1	11	-1	-1	24	27	3	18	8	-1	36	-1	20	33	5	-1	-1	-1	-1	22	32	4	-1	30	2
-1	35	14	2	29	18	-1	-1	21	33	24	4	19	-1	-1	22	17	15	11	31	-1	-1	32	-1	20	30	26	-1	-1	27	13	-1	-1	10	-1	25
34	31	24	8	21	-1	11	-1	10	-1	26	17	33	23	-1	-1	29	-1	22	16	-1	28	-1	3	19	12	13	4	-1	7	15	27	18	-1	-1	14
7	15	16	25	31	20	6	27	-1	-1	35	29	32	24	9	-1	19	-1	10	-1	12	26	2	-1	14	-1	33	-1	-1	-1	-1	-1	-1	28	-1	36
22	-1	-1	-1	23	-1	20	-1	14	2	19	18	3	8	-1	-1	34	36	29	21	7	5	28	1	13	24	9	27	16	26	11	25	-1	-1	6	32
-1	10	2	11	34	33	12	9	-1	-1	31	23	30	25	20	27	28	21	3	-1	16	19	-1	8	4	32	-1	35	5	36	1	17	-1	24	13	18
12	17	35	-1	1	32	22	28	-1	11	3	7	-1	-1	10	-1	-1	18	9	-1	-1	14	-1	-1	8	-1	15	30	6	2	-1	23	-1	26	-1	4
6	4	26	36	5	19	25	24	-1	-1	-1	-1	31	14	33	1	23	-1	35	13	-1	30	34	27	22	28	12	17	-1	-1	-1	15	-1	-1	2	-1
13	18	21	3	9	-1	36	26	-1	32	17	-1	-1	12	35	29	16	-1	25	-1	23	15	4	31	-1	-1	7	-1	19	20	-1	22	5	-1	-1	8
2	19	-1	32	30	24	10	22	-1	12	5	-1	21	16	23	-1	-1	7	20	-1	3	-1	36	9	17	15	18	25	-1	31	4	8	11	-1	28	6
-1	13	12	14	6	1	28	33	20	-1	7	35	-1	3	31	10	-1	25	32	4	34	-1	-1	22	24	29	27	9	36	-1	16	-1	26	21	18	30
5	11	-1	20	27	31	-1	4	36	14	15	-1	12	-1	29	28	35	22	2	23	10	7	24	-1	6	3	16	34	13	-1	17	-1	-1	19	33	-1
-1	8	4	-1	10	-1	-1	1	-1	27	-1	34	-1	20	17	26	-1	-1	6	-1	29	16	31	25	23	35	21	28	-1	11	36	12	15	9	-1	7
16	-1	29	28	-1	-1	8	13	32	-1	-1	31	-1	19	15	-1	5	6	-1	11	17	-1	1	18	26	7	-1	33	-1	14	34	2	-1	20	-1	-1
3	22	36	-1	-1	-1	-1	23	25	24	9	21	18	13	1	34	11	-1	8	27	26	12	-1	15	30	19	5	-1	20	-1	14	-1	32	35	-1	-1
