6
1
-1	-1	-1	-1	-1	26	-1	-1	-1	21	-1	-1	-1	-1	-1	17	-1	-1	35	-1	-1	22	-1	-1	-1	-1	-1	-1	-1	-1	-1	-1	-1	-1	-1	-1
-1	-1	-1	-1	-1	-1	-1	-1	-1	-1	18	-1	-1	-1	-1	32	-1	-1	-1	-1	-1	-1	-1	-1	-1	-1	-1	4	-1	-1	-1	-1	-1	-1	-1	-1
-1	1	-1	-1	-1	-1	-1	-1	-1	-1	-1	-1	-1	-1	-1	-1	-1	-1	-1	-1	-1	-1	-1	-1	-1	-1	-1	-1	-1	-1	-1	-1	-1	-1	-1	-1
-1	-1	-1	-1	-1	-1	-1	-1	-1	-1	7	-1	-1	-1	-1	-1	-1	-1	28	-1	-1	-1	-1	-1	-1	-1	-1	-1	-1	-1	-1	-1	-1	-1	-1	-1
-1	-1	-1	-1	-1	-1	-1	-1	-1	-1	16	20	-1	-1	-1	13	-1	-1	6	-1	-1	-1	-1	-1	-1	-1	-1	10	-1	-1	-1	-1	25	17	-1	-1
-1	-1	-1	-1	-1	-1	11	-1	-1	-1	-1	-1	14	-1	-1	-1	-1	-1	-1	-1	-1	5	-1	-1	-1	28	-1	-1	-1	-1	-1	-1	29	-1	-1	-1
-1	-1	-1	-1	-1	-1	-1	-1	-1	-1	-1	18	-1	-1	19	-1	-1	-1	-1	-1	-1	-1	-1	-1	-1	-1	3	-1	-1	-1	-1	-1	36	-1	-1	-1
-1	-1	-1	-1	-1	-1	-1	-1	-1	-1	-1	-1	-1	-1	-1	-1	24	-1	-1	-1	-1	-1	-1	-1	-1	-1	-1	12	-1	-1	-1	-1	-1	-1	-1	-1
-1	-1	3	-1	-1	-1	15	-1	-1	-1	17	-1	-1	-1	-1	-1	14	-1	-1	-1	-1	-1	-1	-1	13	-1	-1	28	33	-1	-1	-1	-1	-1	-1	-1
-1	-1	-1	-1	-1	5	-1	12	-1	-1	33	-1	20	-1	27	-1	16	-1	-1	-1	-1	-1	-1	-1	21	-1	-1	-1	-1	-1	-1	-1	-1	23	-1	25
-1	-1	-1	-1	-1	-1	-1	-1	-1	16	-1	-1	-1	-1	-1	-1	-1	-1	-1	-1	-1	-1	26	20	-1	18	-1	-1	-1	-1	5	-1	1	-1	-1	-1
-1	-1	-1	-1	-1	-1	-1	-1	-1	-1	19	-1	36	-1	-1	-1	-1	26	-1	-1	-1	-1	-1	-1	-1	7	-1	-1	-1	30	-1	-1	-1	9	21	15
-1	-1	-1	-1	-1	12	4	-1	-1	-1	1	16	-1	36	-1	-1	-1	-1	-1	-1	-1	-1	-1	-1	-1	24	-1	-1	-1	-1	-1	-1	19	-1	-1	-1
-1	7	-1	22	-1	-1	-1	-1	-1	-1	-1	-1	-1	11	-1	-1	-1	-1	-1	-1	-1	-1	-1	-1	-1	-1	-1	21	-1	-1	-1	-1	-1	-1	-1	-1
-1	-1	-1	-1	23	-1	8	7	-1	-1	-1	-1	2	-1	-1	-1	-1	14	-1	-1	-1	-1	-1	-1	-1	-1	-1	-1	-1	-1	6	-1	-1	-1	-1	-1
-1	-1	8	-1	-1	-1	-1	-1	-1	-1	-1	-1	-1	-1	-1	-1	-1	-1	13	-1	19	3	-1	-1	-1	-1	-1	-1	-1	-1	29	-1	-1	31	-1	-1
29	-1	-1	-1	-1	-1	-1	-1	-1	12	-1	-1	-1	-1	-1	-1	-1	-1	-1	-1	-1	-1	-1	-1	-1	-1	15	-1	-1	-1	-1	-1	-1	-1	13	24
-1	16	-1	-1	34	11	-1	-1	36	-1	-1	-1	8	-1	-1	31	-1	-1	-1	-1	-1	-1	-1	-1	-1	-1	-1	-1	-1	-1	-1	-1	-1	-1	-1	-1
8	12	-1	-1	-1	20	-1	-1	-1	-1	-1	-1	-1	-1	-1	-1	-1	-1	-1	-1	-1	16	25	-1	-1	-1	-1	-1	-1	-1	-1	-1	31	-1	-1	-1
-1	26	17	-1	-1	-1	-1	-1	3	-1	30	-1	-1	-1	-1	-1	-1	-1	-1	-1	-1	32	-1	-1	-1	-1	-1	-1	-1	-1	-1	19	-1	-1	-1	12
-1	-1	-1	-1	-1	7	5	-1	-1	-1	-1	-1	-1	-1	-1	-1	18	-1	-1	-1	-1	30	-1	21	-1	6	-1	-1	-1	-1	-1	-1	-1	-1	-1	-1
-1	-1	-1	-1	-1	-1	-1	1	-1	-1	-1	-1	-1	-1	-1	-1	-1	-1	-1	35	-1	-1	-1	23	-1	-1	-1	-1	26	-1	34	-1	-1	27	-1	-1
-1	-1	28	-1	25	-1	-1	-1	-1	-1	-1	-1	-1	32	-1	-1	-1	-1	-1	-1	-1	-1	-1	-1	-1	-1	-1	-1	-1	-1	-1	-1	-1	-1	1	-1
-1	-1	22	-1	-1	-1	-1	-1	-1	-1	-1	-1	-1	-1	-1	-1	-1	-1	-1	8	-1	-1	-1	-1	16	-1	-1	-1	-1	-1	18	-1	-1	-1	-1	-1
-1	-1	-1	-1	36	-1	-1	-1	-1	-1	-1	31	-1	-1	-1	-1	-1	-1	-1	22	-1	-1	-1	35	-1	-1	-1	32	-1	-1	-1	-1	-1	-1	-1	-1
3	-1	-1	-1	17	-1	-1	-1	-1	-1	-1	-1	-1	-1	-1	-1	-1	-1	-1	14	-1	-1	-1	36	-1	13	-1	30	-1	-1	-1	-1	12	-1	-1	-1
-1	-1	23	-1	-1	-1	-1	-1	10	-1	-1	-1	-1	-1	-1	25	11	-1	-1	-1	-1	-1	-1	-1	-1	-1	-1	-1	-1	-1	-1	-1	-1	-1	-1	-1
-1	-1	-1	-1	-1	-1	-1	15	-1	30	-1	-1	-1	-1	-1	-1	3	-1	7	31	-1	-1	2	-1	-1	-1	-1	-1	-1	-1	-1	-1	-1	-1	32	-1
-1	-1	-1	-1	-1	-1	-1	-1	-1	-1	-1	-1	-1	-1	-1	-1	-1	-1	-1	-1	-1	-1	29	-1	-1	-1	-1	-1	19	-1	-1	-1	-1	-1	-1	-1
-1	-1	14	-1	-1	-1	-1	-1	-1	-1	-1	-1	5	-1	-1	-1	-1	-1	-1	-1	-1	-1	-1	-1	-1	-1	25	8	15	23	-1	1	-1	-1	-1	26
-1	14	-1	20	-1	32	31	-1	-1	-1	-1	30	-1	-1	-1	-1	-1	-1	-1	-1	8	-1	-1	-1	-1	-1	-1	-1	-1	-1	-1	15	-1	-1	-1	-1
-1	-1	-1	-1	33	-1	-1	-1	-1	-1	-1	-1	-1	-1	-1	22	-1	4	-1	-1	-1	-1	6	-1	-1	-1	-1	-1	9	-1	-1	-1	-1	-1	-1	-1
-1	10	-1	-1	9	-1	-1	5	-1	-1	-1	-1	-1	-1	-1	8	-1	-1	-1	-1	-1	19	22	-1	-1	-1	-1	-1	-1	-1	31	-1	-1	-1	-1	-1
16	-1	-1	-1	-1	-1	26	-1	-1	-1	-1	-1	-1	-1	-1	-1	23	-1	2	-1	-1	-1	-1	-1	-1	-1	4	-1	-1	-1	-1	-1	-1	-1	-1	-1
-1	-1	-1	-1	-1	-1	-1	18	-1	-1	-1	-1	-1	-1	11	-1	-1	-1	-1	-1	13	-1	-1	-1	-1	22	-1	23	10	-1	-1	-1	-1	33	-1	34
-1	-1	-1	-1	-1	-1	-1	-1	-1	-1	-1	-1	-1	-1	-1	-1	-1	30	-1	-1	-1	-1	-1	-1	-1	-1	-1	-1	-1	7	-1	-1	-1	-1	-1	3
