6
1
36	18	-1	-1	29	35	-1	-1	32	24	-1	33	34	14	-1	17	3	4	30	8	15	-1	-1	1	-1	31	5	20	6	16	12	7	-1	27	21	22
-1	6	21	16	13	12	15	7	14	5	11	-1	-1	28	32	-1	-1	9	33	2	35	19	20	23	-1	8	30	18	10	26	-1	3	-1	31	-1	-1
-1	-1	17	9	15	19	16	22	-1	-1	-1	29	21	2	31	-1	26	-1	27	11	34	-1	25	13	-1	3	-1	23	7	-1	5	28	-1	-1	30	35
20	-1	1	25	27	4	21	28	30	10	-1	18	13	11	23	22	-1	35	24	16	-1	12	-1	3	2	14	-1	17	19	15	-1	29	36	26	32	-1
-1	10	14	-1	7	8	-1	-1	-1	-1	2	12	30	29	18	36	-1	6	-1	31	28	5	17	-1	35	22	-1	24	-1	33	13	-1	20	-1	-1	1
33	11	5	-1	-1	-1	-1	8	-1	3	-1	31	12	15	-1	-1	24	20	36	-1	18	26	6	-1	-1	-1	4	27	21	32	-1	10	17	25	19	2
32	28	19	29	25	-1	-1	5	22	2	35	-1	7	33	16	18	-1	30	15	-1	20	9	4	-1	-1	10	6	8	31	-1	26	24	13	-1	-1	17
-1	5	-1	-1	36	31	7	19	-1	30	-1	24	2	8	-1	3	14	12	23	10	-1	32	22	11	34	29	25	28	33	-1	35	-1	16	15	-1	18
17	4	11	20	-1	-1	6	21	12	-1	8	10	-1	19	-1	-1	-1	22	1	18	36	13	-1	29	27	-1	24	-1	-1	-1	2	-1	9	-1	23	33
30	-1	7	-1	-1	22	-1	23	17	25	14	1	10	-1	-1	26	27	-1	-1	-1	19	6	35	33	12	-1	-1	21	9	20	8	-1	-1	3	28	-1
24	21	15	-1	2	6	27	13	-1	28	3	32	-1	-1	-1	31	9	-1	-1	26	-1	16	7	34	36	18	19	-1	-1	35	4	-1	5	1	29	30
14	-1	23	35	9	26	29	11	-1	15	18	36	-1	17	-1	34	-1	1	25	28	12	24	5	30	-1	-1	13	-1	2	7	6	22	-1	-1	20	31
19	15	16	-1	17	-1	-1	26	-1	-1	-1	-1	18	20	22	-1	36	7	21	12	9	14	-1	8	5	-1	3	1	25	27	-1	-1	35	2	11	34
-1	-1	-1	27	-1	1	31	-1	11	4	23	-1	-1	-1	21	15	33	28	-1	29	-1	22	-1	-1	-1	30	18	2	36	19	-1	32	-1	6	-1	10
26	-1	30	28	31	13	25	3	21	-1	-1	19	27	-1	-1	-1	11	-1	20	-1	7	34	-1	6	10	24	-1	4	32	-1	1	16	-1	-1	-1	-1
10	2	29	6	-1	14	18	-1	-1	7	-1	-1	16	25	9	-1	30	-1	-1	-1	-1	-1	1	-1	17	12	-1	33	-1	8	-1	4	24	-1	27	20
4	12	24	32	-1	33	36	-1	10	27	-1	20	-1	35	-1	-1	-1	23	16	19	-1	-1	-1	25	28	34	22	11	13	31	-1	-1	14	9	8	21
3	-1	-1	34	8	-1	-1	-1	-1	33	16	-1	24	5	1	-1	29	2	-1	-1	13	10	32	-1	-1	23	-1	-1	14	6	28	17	-1	-1	36	-1
-1	-1	-1	30	-1	20	1	18	7	11	28	-1	-1	10	-1	-1	31	15	9	-1	22	17	2	-1	19	-1	12	29	-1	-1	-1	-1	25	14	6	13
21	-1	35	-1	34	-1	3	2	29	12	22	8	19	-1	13	20	7	27	5	-1	-1	15	-1	-1	18	11	28	32	26	9	24	-1	-1	30	10	16
-1	26	22	-1	-1	-1	34	31	16	6	21	23	-1	12	2	-1	32	5	11	25	-1	-1	-1	10	7	20	35	-1	3	14	15	36	-1	-1	-1	4
-1	-1	-1	10	14	27	32	-1	-1	-1	9	-1	-1	34	17	6	25	-1	29	-1	-1	-1	12	-1	-1	-1	23	30	5	-1	-1	11	33	20	2	8
8	9	-1	-1	-1	11	-1	25	15	13	10	35	-1	1	36	4	21	18	-1	-1	14	28	24	-1	-1	33	-1	-1	17	22	32	23	3	-1	-1	19
-1	-1	32	31	16	15	5	-1	20	17	24	4	26	3	33	9	23	-1	-1	-1	-1	-1	8	-1	-1	36	1	34	-1	25	29	12	27	28	18	7
5	29	12	-1	30	17	2	32	26	22	-1	-1	-1	-1	-1	-1	20	21	19	-1	-1	35	13	7	-1	1	33	-1	28	10	9	-1	8	-1	4	-1
-1	32	4	8	26	-1	19	24	35	34	-1	9	-1	-1	-1	-1	17	3	2	33	21	36	27	14	11	-1	-1	-1	18	12	22	-1	30	-1	-1	-1
23	33	-1	22	-1	28	-1	27	18	20	36	-1	5	6	-1	14	13	-1	-1	4	1	-1	-1	12	25	15	16	-1	-1	17	34	19	11	10	-1	-1
13	-1	36	24	19	7	23	-1	33	31	12	25	28	4	34	30	-1	11	6	-1	10	3	9	16	21	-1	27	26	-1	5	-1	2	-1	32	1	29
6	-1	27	21	-1	18	17	4	8	-1	-1	13	-1	-1	19	10	-1	24	-1	-1	11	-1	15	20	30	-1	-1	-1	22	29	23	-1	31	-1	3	26
-1	16	34	3	10	-1	-1	6	28	1	-1	-1	-1	36	-1	-1	-1	25	18	-1	26	29	-1	22	9	-1	14	-1	24	23	20	5	21	17	-1	27
22	23	28	-1	-1	25	-1	15	9	8	13	7	1	-1	3	24	19	26	12	35	-1	30	36	-1	33	-1	31	14	34	2	21	20	-1	29	-1	32
16	19	-1	33	-1	-1	-1	-1	34	-1	30	-1	-1	9	4	13	15	36	17	7	-1	1	10	32	-1	27	26	-1	12	11	14	-1	-1	5	25	-1
35	27	3	7	-1	9	14	36	6	-1	33	-1	-1	22	-1	8	12	-1	-1	24	-1	-1	-1	-1	32	-1	29	19	4	28	17	-1	-1	23	-1	11
29	-1	2	13	20	5	28	-1	19	-1	31	-1	33	-1	11	27	-1	32	-1	-1	6	25	21	-1	15	16	8	-1	1	30	10	18	34	22	26	24
1	-1	26	18	-1	10	-1	-1	4	-1	5	-1	35	30	-1	-1	6	17	22	-1	29	-1	31	28	-1	-1	9	-1	20	21	-1	27	2	-1	16	36
31	-1	-1	11	-1	30	10	20	3	16	17	21	-1	23	7	28	5	29	8	9	-1	2	-1	4	-1	6	36	35	-1	24	33	13	12	19	15	-1
