6
1
-1	-1	7	18	22	24	14	2	11	-1	8	31	-1	33	-1	-1	-1	16	28	1	13	21	27	26	-1	6	32	19	-1	20	17	34	5	30	36	15
-1	-1	4	-1	31	2	23	-1	-1	-1	-1	3	-1	29	12	28	-1	-1	-1	19	36	30	-1	25	15	-1	9	-1	-1	34	-1	6	13	-1	-1	16
-1	19	1	-1	-1	-1	-1	15	35	-1	10	25	7	-1	-1	3	-1	21	22	-1	31	-1	32	-1	-1	30	5	-1	16	-1	-1	12	20	-1	-1	2
8	-1	-1	-1	-1	20	-1	-1	-1	-1	28	30	9	23	22	-1	18	-1	-1	15	24	33	5	-1	21	27	25	12	-1	17	4	-1	26	19	1	-1
-1	25	34	5	-1	-1	-1	1	-1	33	-1	24	26	19	-1	27	-1	32	17	20	-1	7	12	10	29	-1	-1	-1	4	-1	35	-1	9	3	-1	23
15	11	27	28	-1	-1	17	6	21	-1	20	-1	5	1	-1	-1	-1	24	29	-1	-1	9	34	-1	33	-1	31	-1	14	23	-1	7	25	10	-1	-1
7	-1	5	-1	6	33	3	4	20	10	-1	-1	13	14	-1	17	24	27	9	36	-1	15	-1	-1	-1	-1	22	-1	-1	18	21	-1	31	-1	-1	29
13	-1	12	-1	21	-1	-1	27	17	19	16	-1	-1	3	-1	29	33	28	18	-1	-1	-1	-1	-1	14	24	26	-1	-1	-1	23	5	11	20	-1	-1
-1	-1	17	19	9	29	34	33	-1	-1	36	14	20	26	11	22	10	12	31	-1	21	-1	6	-1	5	4	-1	-1	3	16	30	-1	-1	-1	32	7
34	2	22	-1	25	-1	35	-1	30	-1	-1	26	21	18	7	9	16	-1	1	-1	4	27	3	-1	-1	19	-1	10	-1	36	12	-1	-1	-1	-1	-1
27	16	-1	-1	-1	4	29	8	9	-1	-1	-1	-1	35	5	25	-1	34	-1	22	-1	13	28	12	32	-1	-1	20	-1	1	-1	10	33	-1	-1	14
28	3	-1	11	23	32	-1	22	2	24	13	1	36	-1	31	-1	-1	-1	35	-1	33	19	16	29	25	7	6	-1	-1	-1	15	-1	-1	-1	-1	-1
-1	36	28	-1	2	-1	-1	34	29	20	-1	15	24	-1	30	5	14	25	-1	35	-1	-1	-1	1	9	8	11	31	27	-1	10	-1	-1	-1	22	17
-1	-1	31	9	20	-1	36	35	13	7	19	10	-1	28	32	4	12	3	16	30	-1	-1	-1	-1	1	-1	-1	14	-1	33	24	-1	-1	-1	6	8
21	-1	24	-1	8	-1	1	-1	12	5	32	27	35	-1	17	18	23	31	-1	-1	26	-1	29	11	6	-1	-1	13	-1	15	-1	-1	-1	-1	-1	-1
-1	23	-1	-1	13	16	6	-1	4	-1	22	21	1	-1	20	-1	-1	33	5	14	19	3	24	-1	2	-1	35	-1	-1	30	25	18	-1	-1	-1	28
22	34	10	-1	14	-1	-1	-1	23	3	-1	11	2	21	19	-1	27	13	33	-1	-1	-1	18	8	-1	26	7	-1	-1	25	29	-1	-1	-1	-1	-1
5	-1	-1	-1	-1	25	18	24	26	31	33	-1	29	10	15	6	-1	-1	-1	28	23	-1	-1	4	3	12	-1	21	-1	-1	-1	-1	7	16	13	20
12	-1	-1	32	33	5	-1	20	-1	30	7	9	31	-1	-1	-1	25	15	-1	-1	6	29	-1	34	16	10	13	35	28	26	1	24	2	-1	19	-1
26	22	2	-1	-1	-1	-1	3	16	-1	17	19	-1	24	-1	-1	7	-1	15	-1	-1	8	35	-1	11	29	4	-1	6	27	20	33	-1	-1	-1	-1
-1	-1	3	-1	36	-1	-1	31	-1	-1	4	-1	-1	-1	-1	23	-1	30	27	12	-1	-1	-1	32	-1	33	-1	-1	9	14	26	-1	18	-1	28	10
18	-1	6	14	10	13	21	-1	32	2	23	36	16	-1	-1	8	1	35	7	-1	28	26	-1	31	20	17	-1	-1	25	19	-1	4	30	-1	27	11
20	21	-1	-1	15	35	-1	-1	-1	-1	-1	-1	-1	-1	14	-1	13	6	19	-1	-1	-1	2	17	22	34	18	36	-1	32	-1	-1	23	-1	-1	5
24	1	9	31	17	27	-1	11	28	-1	-1	-1	-1	-1	33	-1	-1	26	-1	13	-1	10	4	36	-1	15	21	30	5	-1	3	29	14	-1	35	-1
10	-1	-1	-1	4	-1	-1	18	-1	11	24	35	25	36	34	-1	-1	9	-1	-1	32	2	23	13	-1	22	-1	1	26	28	14	15	-1	-1	-1	19
11	24	35	-1	-1	-1	-1	10	-1	-1	25	13	3	7	1	-1	19	-1	34	5	-1	6	33	-1	30	18	36	27	-1	21	31	28	29	17	2	-1
19	13	-1	2	-1	26	33	-1	1	21	14	17	15	-1	-1	-1	5	8	3	29	-1	31	7	24	12	-1	23	-1	-1	9	16	27	35	-1	-1	30
-1	-1	-1	30	-1	23	32	19	15	-1	-1	2	27	6	-1	26	21	29	4	-1	-1	17	14	-1	10	16	20	33	35	8	18	11	24	-1	12	22
-1	12	36	8	16	15	30	-1	31	9	5	-1	23	-1	2	33	28	22	-1	21	10	-1	20	-1	-1	32	29	24	7	-1	6	-1	-1	34	-1	-1
-1	-1	29	20	34	9	-1	-1	27	-1	-1	28	-1	17	13	-1	32	-1	-1	26	18	-1	25	30	31	11	-1	-1	-1	2	-1	21	36	-1	8	1
2	27	-1	-1	-1	-1	10	36	5	4	-1	12	19	31	-1	-1	-1	17	13	-1	14	-1	22	35	-1	9	-1	16	32	6	11	25	-1	23	24	26
35	6	23	4	28	36	25	30	34	29	3	-1	-1	20	-1	12	26	18	-1	-1	-1	11	-1	5	8	2	10	22	17	-1	9	-1	32	15	21	-1
33	-1	25	10	7	-1	28	-1	24	6	-1	23	14	-1	35	-1	-1	4	12	-1	17	16	-1	21	27	20	1	-1	13	-1	5	3	22	8	30	18
9	31	19	-1	29	-1	20	26	7	-1	-1	-1	-1	-1	25	15	-1	5	6	2	-1	32	-1	-1	18	35	3	-1	12	11	36	16	28	-1	17	-1
17	20	26	34	5	-1	15	14	22	8	-1	16	28	-1	21	1	2	11	25	4	27	18	9	19	-1	-1	-1	23	-1	-1	7	-1	10	-1	-1	31
1	30	15	-1	12	18	-1	32	-1	-1	-1	33	10	-1	16	-1	-1	36	-1	-1	20	-1	-1	28	-1	-1	14	7	24	5	-1	2	4	35	-1	34
