6
1
-1	-1	23	-1	22	24	-1	34	18	36	-1	-1	3	-1	-1	8	13	-1	-1	-1	-1	-1	2	1	17	-1	-1	-1	21	31	5	10	30	28	6	-1
-1	-1	-1	35	-1	20	26	31	8	-1	29	-1	16	-1	-1	27	6	18	-1	-1	7	-1	-1	-1	32	9	24	5	-1	-1	11	34	33	22	17	-1
33	29	-1	19	-1	6	-1	-1	-1	-1	-1	-1	12	20	21	28	31	35	-1	-1	18	-1	-1	-1	-1	14	-1	15	4	-1	1	26	16	23	-1	-1
-1	1	36	-1	14	16	-1	-1	21	10	-1	32	-1	4	23	-1	15	-1	22	31	12	35	-1	3	13	29	34	19	-1	20	9	-1	8	-1	-1	-1
11	-1	-1	-1	-1	30	-1	-1	-1	-1	1	15	10	26	-1	14	-1	36	24	29	5	-1	-1	-1	-1	28	-1	-1	-1	3	18	20	-1	-1	12	-1
31	15	-1	32	-1	25	6	23	4	-1	5	-1	7	-1	17	22	24	1	11	-1	9	-1	-1	20	10	-1	16	8	2	-1	29	36	14	13	35	-1
-1	8	24	28	5	-1	31	1	35	-1	-1	-1	-1	-1	7	-1	27	-1	9	16	11	-1	-1	33	23	21	-1	-1	-1	19	14	-1	36	-1	13	-1
9	-1	-1	-1	15	1	-1	6	17	28	-1	33	-1	-1	-1	34	-1	-1	21	-1	32	-1	30	7	4	35	-1	13	-1	22	8	-1	29	20	-1	24
32	27	-1	-1	-1	33	4	-1	-1	-1	13	2	-1	5	3	9	-1	-1	-1	-1	-1	6	-1	8	15	26	10	-1	-1	1	30	31	-1	35	23	21
-1	34	6	18	19	-1	-1	-1	-1	-1	-1	-1	-1	31	15	25	35	32	28	24	27	-1	17	23	2	8	-1	16	33	-1	26	-1	10	11	22	-1
-1	-1	-1	-1	-1	-1	-1	21	-1	-1	27	18	4	14	29	20	-1	-1	36	5	10	31	-1	-1	-1	17	11	-1	-1	-1	15	-1	-1	2	25	1
-1	35	-1	-1	11	-1	-1	-1	-1	19	-1	-1	-1	-1	26	2	-1	16	14	22	-1	-1	3	-1	-1	-1	31	-1	24	-1	33	-1	5	-1	34	17
35	-1	-1	26	1	32	17	-1	34	-1	16	29	-1	24	28	21	-1	33	-1	-1	36	-1	31	25	-1	-1	-1	3	-1	4	-1	-1	-1	27	8	14
-1	-1	14	-1	27	21	19	26	-1	-1	12	-1	-1	3	10	-1	4	23	-1	-1	13	-1	1	-1	-1	22	30	2	18	11	-1	-1	35	7	-1	-1
-1	-1	3	-1	23	8	25	20	-1	-1	-1	27	29	-1	-1	16	11	-1	-1	17	-1	-1	-1	-1	-1	7	-1	31	14	35	10	-1	9	6	24	-1
-1	-1	-1	-1	-1	-1	-1	36	-1	5	-1	4	30	-1	9	-1	22	26	-1	32	-1	-1	33	28	-1	-1	27	-1	-1	-1	31	17	23	-1	19	-1
-1	30	25	34	29	2	35	15	31	22	9	-1	27	7	-1	32	8	19	4	-1	23	-1	14	-1	28	16	-1	33	-1	17	12	-1	18	-1	-1	26
15	-1	-1	16	28	19	-1	11	-1	6	23	-1	-1	12	13	5	20	-1	8	-1	2	3	29	35	24	10	-1	-1	-1	-1	34	30	-1	32	-1	-1
29	20	-1	12	-1	-1	-1	4	22	-1	18	13	5	1	-1	-1	-1	7	-1	35	33	-1	6	31	16	19	-1	32	10	-1	27	2	-1	8	-1	-1
-1	-1	-1	6	16	28	23	30	19	25	-1	-1	15	35	24	-1	32	-1	13	3	-1	-1	8	-1	22	5	17	-1	20	34	-1	29	-1	-1	9	-1
-1	-1	13	4	-1	15	21	35	24	3	-1	6	-1	-1	-1	-1	-1	-1	12	1	-1	19	18	14	-1	-1	-1	-1	-1	-1	20	16	31	-1	-1	-1
-1	11	33	7	26	35	27	14	-1	1	34	-1	13	-1	-1	-1	19	17	29	9	20	36	-1	32	31	6	2	-1	30	8	28	22	-1	-1	-1	-1
30	14	-1	10	-1	31	-1	5	2	15	33	-1	-1	9	-1	11	-1	-1	-1	-1	17	-1	23	-1	29	4	-1	-1	-1	18	25	21	-1	3	-1	-1
-1	22	-1	-1	36	-1	32	-1	12	-1	7	-1	34	28	14	6	-1	-1	27	-1	30	11	-1	5	25	23	33	9	-1	13	17	-1	4	26	-1	-1
25	24	8	-1	33	11	18	17	16	31	-1	-1	-1	-1	34	-1	9	-1	-1	26	28	-1	12	6	-1	3	22	20	7	5	-1	15	-1	29	-1	23
22	2	27	-1	-1	-1	9	-1	-1	29	-1	10	-1	-1	-1	15	-1	-1	16	-1	-1	-1	35	36	-1	-1	21	17	19	30	13	-1	-1	4	31	11
-1	-1	-1	-1	12	-1	1	-1	-1	-1	2	11	23	19	22	4	3	27	5	-1	-1	-1	-1	-1	6	31	-1	-1	29	-1	16	8	25	-1	14	30
-1	-1	9	-1	-1	3	-1	-1	20	-1	-1	14	32	-1	6	-1	7	13	2	8	-1	-1	34	22	33	-1	-1	11	23	-1	-1	1	24	12	18	-1
21	-1	-1	30	-1	-1	24	33	26	-1	-1	-1	-1	11	-1	29	14	10	-1	15	-1	23	7	27	-1	-1	28	-1	12	-1	-1	-1	-1	-1	-1	-1
19	10	15	-1	6	7	-1	-1	-1	12	-1	23	-1	17	-1	36	26	-1	-1	-1	-1	-1	20	24	-1	34	8	27	32	2	3	35	-1	5	-1	-1
4	26	-1	33	35	29	34	-1	25	-1	3	-1	36	6	11	1	-1	-1	19	13	8	-1	24	2	-1	-1	-1	-1	-1	21	-1	-1	17	-1	-1	-1
27	-1	32	5	25	14	-1	-1	-1	-1	-1	17	-1	16	31	24	-1	-1	-1	20	-1	-1	28	21	30	-1	15	-1	34	29	4	-1	-1	-1	26	6
-1	-1	-1	1	9	23	36	28	5	-1	8	31	33	22	-1	-1	-1	30	17	18	3	34	10	-1	26	12	-1	-1	13	7	2	-1	-1	21	-1	35
-1	-1	34	11	21	12	22	-1	1	32	-1	16	17	23	-1	18	-1	9	6	33	26	29	36	-1	-1	-1	4	25	8	10	7	-1	-1	24	27	-1
13	16	-1	15	-1	36	-1	-1	-1	24	6	-1	20	-1	12	7	2	-1	-1	-1	-1	9	-1	30	27	-1	35	14	22	-1	23	-1	32	19	10	8
-1	28	31	-1	17	10	2	19	-1	20	-1	-1	-1	-1	32	26	-1	-1	25	11	-1	-1	16	4	1	-1	36	6	9	-1	-1	18	-1	14	-1	29
