6
1
-1	14	16	-1	-1	-1	21	27	-1	-1	8	13	15	-1	-1	-1	-1	-1	-1	26	-1	24	-1	-1	2	-1	-1	-1	10	30	32	22	33	6	-1	9
-1	-1	-1	-1	-1	-1	-1	-1	26	-1	-1	32	-1	-1	13	-1	-1	-1	3	-1	-1	12	30	27	-1	36	-1	-1	-1	-1	-1	29	-1	35	20	8
-1	-1	18	10	-1	-1	-1	-1	-1	-1	2	22	-1	-1	-1	26	4	-1	8	-1	28	29	23	-1	-1	13	25	20	-1	-1	-1	-1	-1	21	34	-1
-1	-1	-1	-1	-1	2	-1	-1	-1	4	9	1	20	31	-1	32	-1	-1	5	16	35	34	-1	22	-1	14	26	-1	8	27	17	18	36	-1	-1	-1
24	17	-1	13	4	20	-1	11	-1	6	-1	-1	-1	-1	-1	-1	-1	-1	-1	-1	25	15	-1	36	9	19	-1	-1	22	-1	-1	1	14	7	10	30
-1	22	-1	34	-1	8	-1	-1	16	14	17	-1	29	10	-1	36	35	1	32	19	-1	-1	13	21	-1	12	-1	-1	6	-1	-1	-1	-1	27	-1	-1
16	-1	26	-1	-1	-1	-1	23	22	25	32	-1	17	19	-1	-1	-1	2	34	21	11	-1	3	-1	-1	-1	14	10	-1	1	-1	-1	13	15	-1	-1
20	-1	35	-1	-1	-1	-1	-1	13	24	-1	26	-1	-1	31	30	-1	-1	9	33	36	-1	-1	-1	-1	-1	-1	28	11	-1	14	8	7	23	27	4
-1	3	-1	2	19	-1	28	-1	-1	-1	35	-1	-1	27	-1	16	-1	-1	-1	24	12	5	-1	-1	33	-1	-1	18	-1	-1	-1	10	-1	36	32	-1
-1	-1	1	-1	-1	31	30	7	-1	-1	-1	8	25	-1	-1	-1	-1	-1	28	-1	26	14	35	-1	-1	27	19	15	-1	-1	-1	-1	-1	16	-1	-1
6	-1	12	21	7	18	11	-1	-1	-1	-1	-1	-1	8	-1	22	36	-1	-1	-1	-1	1	10	-1	16	24	13	29	-1	-1	-1	26	17	34	-1	-1
-1	27	14	-1	36	4	34	33	-1	15	1	10	-1	24	-1	-1	-1	-1	-1	23	20	17	-1	-1	-1	-1	-1	7	-1	8	30	-1	-1	-1	18	-1
29	-1	-1	-1	32	6	18	-1	-1	27	31	36	-1	-1	-1	19	-1	-1	-1	-1	-1	8	22	-1	-1	-1	-1	-1	-1	-1	12	-1	5	2	26	-1
-1	-1	-1	-1	-1	28	3	-1	-1	-1	-1	-1	22	-1	-1	9	11	30	21	29	-1	2	-1	-1	-1	1	8	-1	-1	-1	-1	-1	23	14	24	-1
30	-1	2	36	27	-1	-1	-1	-1	33	-1	-1	6	3	34	-1	20	13	-1	-1	-1	-1	-1	5	15	-1	10	-1	-1	4	19	-1	-1	-1	-1	-1
1	-1	-1	-1	-1	-1	-1	-1	-1	-1	-1	-1	-1	26	-1	18	-1	24	-1	36	17	7	34	-1	27	5	-1	-1	-1	11	13	-1	-1	29	-1	-1
-1	34	23	35	-1	-1	25	-1	24	-1	4	-1	33	2	21	-1	-1	14	-1	-1	19	-1	12	-1	28	9	32	16	30	31	-1	3	-1	-1	8	-1
12	-1	-1	18	31	-1	13	-1	-1	-1	10	11	-1	5	-1	-1	15	-1	14	6	30	-1	-1	-1	22	-1	21	-1	-1	-1	-1	25	-1	17	-1	-1
17	20	-1	-1	-1	-1	-1	-1	-1	18	13	-1	16	-1	-1	23	-1	-1	15	-1	-1	-1	-1	24	-1	10	-1	-1	-1	29	-1	34	28	-1	9	-1
25	-1	-1	24	30	3	-1	-1	29	7	34	33	-1	-1	-1	8	17	32	4	-1	-1	-1	16	-1	-1	-1	-1	9	36	-1	21	11	-1	26	-1	-1
2	28	34	7	-1	-1	-1	25	-1	-1	-1	-1	21	-1	30	11	-1	18	-1	27	8	-1	-1	-1	6	-1	-1	23	4	-1	-1	-1	32	-1	-1	-1
-1	31	-1	5	-1	-1	16	6	14	22	19	-1	-1	13	-1	-1	-1	35	30	-1	-1	18	-1	-1	-1	11	-1	-1	21	32	8	-1	-1	-1	-1	29
-1	15	-1	-1	-1	-1	-1	-1	30	-1	-1	12	24	-1	2	-1	31	20	-1	-1	32	26	14	25	-1	-1	-1	-1	-1	-1	-1	-1	-1	-1	-1	-1
8	-1	6	-1	13	32	-1	3	-1	23	-1	-1	1	-1	-1	14	-1	-1	12	7	31	28	11	-1	35	-1	-1	33	-1	-1	-1	-1	-1	-1	-1	18
9	-1	-1	-1	-1	1	10	-1	15	-1	14	29	11	-1	3	21	2	4	-1	12	-1	30	-1	-1	-1	23	-1	-1	24	-1	-1	36	-1	-1	28	-1
-1	-1	5	-1	-1	-1	31	-1	3	-1	28	-1	-1	7	-1	-1	-1	26	23	14	27	-1	-1	-1	25	29	-1	-1	-1	34	-1	4	-1	13	-1	-1
-1	24	-1	-1	-1	-1	32	12	8	-1	-1	5	-1	-1	-1	-1	-1	-1	17	-1	34	4	-1	9	-1	20	-1	2	-1	-1	7	14	3	-1	-1	-1
-1	-1	-1	-1	11	-1	7	-1	6	-1	-1	-1	8	29	22	5	-1	-1	-1	-1	-1	35	-1	26	1	17	-1	-1	-1	-1	2	31	-1	20	33	-1
-1	-1	30	31	-1	14	-1	4	36	-1	16	-1	-1	20	-1	-1	27	-1	-1	-1	33	32	-1	28	11	18	-1	19	9	35	-1	24	-1	25	12	21
-1	-1	33	26	-1	-1	-1	20	17	11	-1	-1	9	30	19	24	-1	-1	29	-1	16	-1	-1	3	36	-1	-1	13	-1	-1	-1	-1	27	-1	6	32
21	36	3	-1	29	17	-1	-1	-1	19	-1	-1	-1	28	-1	-1	12	9	-1	11	4	-1	-1	35	10	2	5	25	-1	13	-1	-1	-1	-1	-1	-1
-1	-1	8	11	-1	10	17	-1	-1	36	23	-1	-1	33	25	31	-1	-1	27	5	15	-1	28	-1	32	-1	-1	-1	14	-1	26	-1	9	-1	-1	-1
33	-1	22	4	-1	27	2	-1	-1	-1	25	-1	-1	-1	10	15	16	-1	-1	-1	-1	-1	36	8	31	6	-1	34	-1	9	-1	-1	18	-1	17	-1
-1	-1	13	-1	25	9	6	-1	-1	-1	12	28	-1	4	7	-1	-1	36	-1	-1	18	23	20	-1	19	8	30	-1	-1	17	-1	-1	10	1	16	-1
-1	-1	-1	-1	35	7	-1	-1	31	-1	-1	4	26	6	-1	1	-1	27	-1	10	24	-1	29	32	-1	21	12	-1	15	-1	36	-1	-1	-1	-1	-1
23	-1	-1	-1	15	30	35	-1	-1	9	18	-1	13	32	29	-1	8	34	25	17	7	6	31	-1	-1	-1	27	-1	-1	22	-1	-1	19	5	-1	2
