6
1
-1	33	-1	-1	14	13	-1	-1	-1	36	-1	-1	34	-1	30	-1	-1	-1	-1	-1	-1	-1	-1	-1	-1	-1	-1	-1	3	-1	-1	-1	-1	-1	-1	-1
-1	-1	-1	32	-1	-1	-1	-1	-1	19	-1	-1	4	-1	-1	-1	-1	-1	-1	-1	-1	-1	-1	-1	-1	-1	-1	33	8	35	-1	-1	23	-1	-1	-1
-1	-1	-1	-1	-1	-1	-1	-1	33	-1	-1	20	-1	-1	-1	-1	-1	11	-1	-1	-1	-1	-1	-1	-1	-1	-1	-1	-1	-1	9	-1	-1	-1	-1	-1
-1	-1	-1	-1	-1	-1	-1	-1	-1	29	-1	-1	-1	-1	-1	-1	-1	2	-1	-1	-1	-1	-1	-1	-1	-1	-1	-1	-1	-1	-1	-1	-1	-1	17	27
-1	19	-1	-1	-1	-1	-1	-1	2	-1	-1	15	-1	-1	-1	-1	-1	-1	-1	-1	5	-1	-1	17	-1	-1	31	-1	-1	-1	-1	-1	-1	-1	11	-1
-1	-1	-1	-1	-1	-1	-1	-1	32	-1	-1	-1	-1	-1	-1	-1	-1	-1	-1	-1	-1	-1	-1	-1	-1	-1	-1	-1	-1	21	-1	-1	30	-1	29	-1
-1	-1	-1	-1	-1	-1	-1	-1	25	34	-1	-1	8	-1	-1	-1	-1	29	-1	-1	-1	-1	-1	-1	-1	-1	-1	-1	-1	-1	-1	-1	20	-1	-1	-1
1	-1	-1	-1	-1	-1	-1	-1	-1	-1	-1	-1	-1	-1	-1	-1	-1	-1	-1	-1	-1	30	10	-1	-1	28	-1	-1	-1	-1	2	-1	-1	-1	-1	-1
29	-1	-1	-1	3	-1	-1	4	23	-1	-1	-1	-1	-1	-1	-1	-1	-1	-1	36	-1	-1	-1	-1	32	-1	-1	-1	-1	27	-1	-1	-1	-1	-1	-1
-1	-1	-1	-1	-1	-1	-1	22	-1	-1	-1	-1	1	32	-1	-1	-1	-1	-1	-1	31	35	-1	-1	-1	-1	-1	-1	11	-1	30	-1	-1	-1	-1	18
-1	21	-1	-1	12	-1	-1	-1	-1	-1	-1	-1	-1	-1	-1	-1	-1	-1	19	-1	-1	-1	-1	26	-1	-1	-1	13	-1	24	-1	-1	-1	-1	-1	-1
36	-1	-1	-1	-1	-1	-1	2	-1	-1	-1	-1	-1	-1	-1	-1	-1	-1	-1	-1	25	-1	14	11	-1	-1	-1	-1	-1	-1	-1	-1	-1	-1	-1	-1
-1	-1	-1	-1	19	-1	-1	-1	-1	-1	-1	-1	-1	-1	-1	-1	-1	-1	29	-1	-1	-1	-1	-1	34	-1	-1	18	-1	-1	-1	-1	-1	-1	-1	-1
18	-1	-1	-1	-1	-1	-1	-1	-1	-1	-1	-1	-1	-1	-1	-1	-1	-1	-1	-1	-1	-1	-1	22	-1	-1	-1	-1	-1	32	-1	-1	10	-1	-1	-1
-1	-1	-1	7	-1	-1	-1	-1	14	32	24	-1	-1	-1	-1	-1	-1	-1	-1	-1	-1	-1	-1	18	-1	-1	8	-1	-1	-1	-1	-1	-1	-1	27	-1
-1	35	5	-1	-1	-1	-1	-1	8	-1	-1	-1	-1	-1	9	-1	-1	-1	-1	-1	-1	-1	-1	-1	28	-1	-1	-1	-1	-1	-1	-1	-1	13	34	-1
-1	-1	-1	-1	-1	-1	-1	-1	4	-1	-1	-1	-1	20	-1	-1	1	-1	23	-1	-1	-1	-1	-1	-1	-1	-1	-1	-1	-1	-1	-1	-1	-1	-1	-1
17	-1	-1	-1	-1	-1	30	-1	-1	-1	-1	-1	-1	3	-1	-1	32	4	-1	-1	-1	-1	-1	-1	-1	-1	15	-1	-1	-1	-1	2	-1	-1	-1	-1
-1	-1	-1	2	-1	-1	4	-1	-1	-1	-1	-1	-1	-1	-1	-1	22	-1	-1	-1	-1	-1	-1	-1	-1	-1	-1	-1	-1	-1	-1	-1	-1	-1	5	-1
-1	-1	-1	-1	9	-1	-1	-1	-1	-1	-1	-1	-1	-1	-1	-1	-1	-1	-1	-1	-1	-1	-1	-1	-1	-1	-1	-1	-1	-1	-1	-1	-1	-1	-1	-1
23	-1	-1	36	15	-1	-1	-1	-1	18	-1	-1	-1	-1	-1	3	-1	-1	-1	-1	7	-1	-1	21	-1	-1	-1	-1	-1	-1	-1	-1	-1	-1	-1	-1
-1	-1	-1	-1	27	-1	-1	-1	-1	-1	-1	-1	-1	-1	-1	-1	-1	-1	20	-1	-1	-1	-1	-1	-1	-1	-1	-1	-1	-1	-1	-1	-1	-1	-1	-1
-1	16	-1	31	-1	32	-1	-1	-1	-1	-1	-1	12	-1	-1	-1	-1	-1	-1	-1	-1	-1	5	-1	-1	-1	-1	-1	-1	-1	-1	-1	-1	-1	-1	-1
-1	-1	-1	-1	-1	-1	-1	-1	-1	17	-1	-1	-1	-1	-1	-1	-1	-1	-1	-1	-1	-1	18	-1	25	-1	-1	-1	-1	-1	11	-1	4	-1	24	-1
-1	8	-1	-1	35	-1	-1	-1	-1	-1	-1	-1	21	-1	-1	-1	-1	16	28	-1	-1	-1	-1	-1	-1	-1	-1	-1	-1	-1	-1	18	-1	7	-1	-1
-1	-1	-1	-1	-1	-1	-1	-1	20	-1	-1	18	-1	-1	-1	-1	30	-1	-1	-1	-1	-1	-1	-1	14	-1	-1	-1	32	-1	-1	-1	-1	-1	33	-1
-1	-1	-1	16	-1	-1	15	-1	-1	-1	-1	-1	-1	-1	-1	-1	-1	-1	-1	-1	29	4	-1	-1	13	-1	-1	28	-1	-1	-1	-1	-1	35	-1	-1
12	36	17	-1	-1	-1	-1	-1	-1	-1	-1	-1	-1	-1	-1	-1	3	-1	-1	1	-1	-1	-1	-1	-1	-1	-1	-1	24	-1	-1	28	-1	-1	-1	-1
5	-1	4	-1	-1	-1	-1	-1	-1	-1	13	-1	10	-1	29	22	-1	-1	-1	-1	-1	-1	-1	-1	-1	-1	26	-1	-1	-1	-1	-1	-1	-1	3	20
26	1	-1	-1	-1	-1	-1	-1	-1	-1	-1	-1	-1	-1	4	-1	-1	-1	-1	-1	-1	-1	-1	-1	-1	-1	34	-1	-1	-1	-1	-1	-1	14	19	-1
-1	-1	-1	-1	-1	-1	-1	-1	9	-1	-1	6	-1	-1	-1	-1	-1	-1	-1	-1	-1	-1	-1	-1	-1	-1	-1	-1	-1	-1	8	26	7	17	-1	-1
-1	-1	-1	28	-1	-1	-1	-1	18	-1	-1	-1	-1	-1	-1	-1	-1	26	-1	-1	-1	-1	-1	-1	-1	-1	-1	-1	36	19	-1	-1	-1	-1	1	-1
-1	-1	-1	-1	-1	-1	-1	21	-1	23	-1	-1	-1	-1	-1	-1	-1	-1	-1	-1	-1	-1	-1	29	7	-1	-1	-1	-1	34	-1	-1	-1	-1	-1	-1
-1	10	-1	-1	-1	-1	-1	-1	-1	-1	-1	-1	-1	-1	-1	-1	-1	-1	-1	-1	-1	-1	-1	-1	31	-1	-1	-1	-1	-1	-1	5	-1	-1	-1	-1
-1	-1	-1	-1	-1	-1	-1	-1	-1	8	-1	-1	-1	-1	-1	-1	-1	-1	-1	4	-1	-1	11	-1	-1	-1	-1	-1	-1	-1	-1	-1	-1	-1	-1	-1
11	-1	-1	-1	-1	-1	-1	-1	-1	-1	-1	-1	-1	-1	-1	-1	-1	-1	-1	-1	-1	-1	-1	3	-1	-1	-1	-1	-1	-1	-1	-1	-1	-1	-1	-1
