6
1
11	14	-1	-1	-1	-1	27	30	24	10	9	-1	17	-1	29	31	34	2	33	12	-1	32	-1	-1	-1	5	-1	4	-1	15	20	22	-1	25	6	23
26	10	-1	3	5	28	-1	7	32	16	-1	25	-1	22	33	-1	-1	1	2	31	14	-1	-1	15	24	27	-1	-1	-1	20	-1	-1	13	12	-1	11
23	30	-1	24	-1	17	6	18	2	-1	-1	-1	16	27	-1	13	4	10	1	19	26	-1	5	-1	21	33	-1	-1	22	25	29	36	28	34	-1	8
18	25	-1	33	36	-1	15	28	-1	21	5	-1	24	14	19	-1	-1	-1	-1	22	13	16	11	3	6	23	2	-1	34	31	-1	9	35	32	30	17
-1	-1	2	32	21	31	11	14	12	-1	23	34	6	9	-1	-1	-1	-1	24	-1	10	35	-1	20	7	8	-1	-1	-1	36	-1	-1	-1	18	-1	26
27	-1	6	-1	4	9	19	13	-1	35	1	33	20	5	3	21	-1	28	8	34	-1	18	23	-1	29	26	-1	30	10	-1	7	31	16	-1	15	-1
20	-1	26	15	32	29	36	31	17	-1	11	21	12	-1	2	4	23	34	13	30	25	24	27	1	-1	35	5	-1	16	-1	3	19	22	-1	9	-1
31	18	35	-1	19	1	7	-1	34	6	-1	-1	3	32	27	14	-1	29	21	-1	33	22	8	-1	20	15	-1	9	-1	-1	2	28	4	10	12	-1
36	22	17	-1	11	27	9	4	-1	-1	3	2	31	-1	1	35	6	21	32	-1	23	-1	19	14	8	-1	12	18	-1	26	-1	7	33	-1	24	16
-1	4	7	34	33	14	23	-1	19	26	-1	27	25	16	13	22	5	17	12	6	35	15	3	11	10	-1	-1	28	24	-1	21	18	32	8	29	-1
8	2	-1	5	25	23	28	1	20	-1	22	16	15	24	10	30	11	33	9	7	31	-1	18	29	34	36	14	19	17	-1	26	13	-1	6	35	-1
3	-1	13	6	28	16	32	-1	-1	8	10	15	26	-1	-1	-1	36	-1	-1	-1	5	17	-1	34	-1	29	22	-1	4	7	1	-1	14	30	-1	-1
29	-1	12	9	14	13	-1	17	-1	34	-1	-1	-1	10	6	-1	22	-1	26	27	16	23	-1	36	15	18	-1	33	8	30	-1	20	2	7	-1	25
32	5	-1	-1	-1	34	12	6	-1	-1	24	-1	30	21	-1	19	17	26	11	9	-1	-1	13	-1	4	22	-1	36	-1	23	33	8	15	35	-1	3
10	33	20	16	22	-1	26	2	-1	25	-1	18	34	-1	23	36	28	-1	31	1	-1	-1	17	12	27	6	19	7	35	9	30	5	24	21	14	4
7	24	25	17	-1	6	22	15	16	-1	33	11	-1	35	14	-1	27	12	-1	10	18	21	-1	30	3	31	26	2	-1	-1	34	-1	36	23	1	28
2	-1	-1	23	-1	26	20	3	5	-1	7	35	18	15	31	16	29	9	6	4	24	34	-1	8	25	28	21	1	13	-1	10	32	12	11	17	19
21	3	11	18	15	-1	-1	-1	10	30	14	-1	13	1	-1	-1	-1	-1	7	5	28	33	-1	25	-1	-1	20	24	12	32	9	29	26	27	31	6
15	36	-1	-1	8	-1	5	10	11	-1	12	22	-1	-1	28	7	9	18	-1	14	3	2	35	-1	-1	13	-1	29	-1	-1	32	25	19	-1	21	27
6	-1	4	22	20	32	30	24	33	17	-1	14	19	12	21	-1	-1	25	-1	28	-1	9	-1	-1	5	7	1	23	31	10	11	-1	8	2	16	36
-1	19	28	-1	17	33	25	26	-1	20	15	-1	4	-1	22	1	-1	8	-1	-1	-1	-1	36	-1	35	24	27	11	21	34	-1	23	18	31	7	5
5	21	18	31	35	7	1	-1	28	29	4	-1	23	-1	-1	-1	14	-1	-1	-1	19	27	15	10	17	2	16	-1	3	8	-1	12	9	26	13	33
14	13	-1	25	-1	-1	31	-1	-1	-1	6	-1	35	33	32	27	26	16	-1	8	-1	1	34	4	-1	-1	-1	12	28	22	-1	30	20	-1	-1	-1
24	34	-1	-1	30	12	13	-1	-1	27	-1	8	-1	31	11	15	2	-1	5	-1	20	-1	16	-1	14	-1	18	6	9	19	35	1	3	29	10	22
34	29	10	13	-1	5	33	36	-1	1	30	24	2	-1	4	20	-1	-1	27	21	9	-1	-1	35	12	32	3	-1	23	14	25	-1	11	16	-1	18
-1	11	21	-1	-1	8	10	32	7	-1	16	-1	-1	13	9	23	30	-1	17	33	-1	-1	-1	-1	-1	4	25	31	29	-1	24	-1	6	22	26	14
4	17	27	-1	-1	22	-1	-1	26	19	-1	28	14	-1	8	12	-1	6	18	13	36	10	1	32	16	-1	-1	35	15	-1	-1	33	-1	-1	34	7
-1	1	-1	-1	-1	15	2	35	3	14	-1	20	5	-1	-1	18	-1	32	4	23	-1	-1	-1	-1	22	-1	11	17	7	6	31	-1	-1	-1	27	-1
16	-1	-1	30	7	25	21	23	18	13	31	-1	-1	-1	-1	11	19	35	22	26	-1	12	2	6	36	34	24	-1	1	-1	17	-1	-1	4	28	-1
35	20	-1	14	9	3	4	5	8	11	17	-1	29	-1	-1	-1	7	27	-1	24	-1	25	31	28	30	21	33	10	18	-1	12	15	-1	1	19	13
-1	23	-1	27	31	30	3	8	-1	28	32	12	1	25	17	5	35	19	16	-1	11	-1	-1	13	9	10	7	34	-1	18	22	26	-1	14	36	29
-1	-1	15	4	24	35	34	27	-1	2	-1	19	28	36	-1	26	21	14	10	3	-1	6	12	-1	33	30	-1	16	-1	5	23	-1	-1	13	20	32
-1	32	8	-1	18	19	17	33	-1	-1	25	7	9	11	12	2	16	30	15	20	1	-1	21	5	13	3	29	-1	26	28	27	-1	34	24	-1	10
17	12	9	20	-1	21	-1	-1	-1	-1	-1	36	27	18	34	-1	32	15	30	-1	-1	-1	26	7	-1	11	31	22	2	4	6	16	-1	33	8	1
13	26	3	10	6	-1	24	9	21	-1	20	23	22	-1	7	8	33	31	36	-1	4	29	25	18	32	14	-1	15	-1	35	19	2	30	-1	5	12
25	16	1	2	34	-1	18	29	-1	5	13	26	10	-1	24	6	-1	3	-1	32	8	19	33	23	-1	17	36	-1	20	12	15	-1	31	28	4	9
