6
1
7	2	21	14	31	13	1	-1	8	-1	6	36	-1	19	-1	35	22	11	10	4	33	-1	30	26	-1	17	-1	34	9	18	24	12	5	-1	-1	20
9	28	26	20	12	34	-1	23	2	4	24	-1	-1	-1	5	6	14	31	35	18	21	27	-1	8	-1	19	29	16	-1	7	32	22	25	11	-1	33
5	-1	-1	36	3	30	29	25	33	32	20	17	18	12	16	2	26	-1	9	-1	28	23	-1	-1	27	21	4	1	14	6	15	-1	35	-1	13	10
18	29	6	-1	32	25	9	19	30	11	10	-1	27	1	-1	17	15	28	16	7	20	-1	22	-1	-1	3	-1	13	-1	-1	31	8	-1	34	-1	-1
-1	10	-1	15	8	1	12	-1	-1	-1	27	-1	32	-1	36	24	-1	9	-1	3	17	19	2	13	20	11	35	31	28	26	-1	30	4	23	21	29
33	11	4	-1	27	24	22	-1	35	14	-1	13	-1	34	3	-1	10	29	1	5	31	6	-1	32	-1	23	12	-1	25	-1	2	36	7	-1	28	17
-1	25	18	31	-1	6	5	-1	3	27	34	1	24	21	-1	36	13	7	2	33	8	-1	10	9	16	35	32	30	22	14	-1	23	26	-1	11	28
30	12	16	-1	29	9	-1	28	22	-1	31	35	-1	-1	20	-1	17	8	23	25	11	34	4	19	18	13	5	-1	-1	27	-1	6	-1	-1	15	-1
13	23	-1	8	21	4	24	20	32	12	17	-1	28	14	-1	3	2	30	7	15	6	-1	26	31	-1	33	1	-1	29	9	10	27	-1	5	34	36
-1	34	35	5	20	-1	-1	7	-1	-1	2	33	15	11	29	-1	-1	22	27	14	36	1	32	17	28	25	10	12	8	19	16	4	24	13	-1	21
3	36	27	1	14	10	-1	-1	13	21	26	8	33	4	-1	12	-1	16	-1	28	29	5	20	30	23	24	7	6	11	34	9	31	17	2	35	-1
26	-1	33	32	-1	19	18	6	29	-1	-1	4	1	9	27	10	31	-1	21	12	24	-1	16	22	36	-1	-1	20	15	-1	3	7	30	14	8	25
-1	-1	28	33	10	3	-1	14	9	-1	5	19	17	8	7	23	30	20	-1	32	-1	-1	18	-1	31	29	36	-1	12	15	13	1	16	-1	2	4
24	17	30	-1	4	31	13	18	1	16	-1	-1	29	15	-1	26	-1	32	8	-1	23	21	35	14	11	-1	27	-1	7	28	22	19	-1	-1	20	3
-1	16	14	27	19	29	20	3	-1	15	33	30	11	22	18	9	36	13	34	-1	4	17	1	-1	26	32	8	10	23	-1	28	25	6	21	24	31
8	6	5	25	7	32	36	-1	11	-1	-1	34	-1	31	12	27	19	-1	24	20	26	22	-1	29	4	-1	3	17	2	30	35	10	-1	33	14	18
11	9	-1	35	-1	22	28	29	23	6	12	-1	34	5	14	4	-1	24	25	36	-1	-1	13	27	1	-1	18	33	16	21	30	32	8	17	26	7
15	18	23	34	1	-1	31	10	17	-1	8	22	3	-1	2	28	35	25	19	-1	-1	11	33	-1	6	5	13	-1	20	-1	27	9	12	29	36	-1
-1	5	24	-1	18	15	8	-1	4	-1	13	12	-1	30	31	7	-1	33	17	34	-1	10	-1	11	25	28	9	21	-1	-1	-1	20	3	6	19	1
10	31	8	3	17	-1	-1	36	15	33	-1	27	14	26	-1	32	9	-1	30	6	19	-1	-1	21	-1	-1	24	22	1	11	12	35	2	-1	18	-1
-1	32	34	-1	-1	35	30	-1	-1	18	21	-1	5	25	-1	-1	1	4	-1	9	13	-1	14	2	7	31	-1	-1	10	23	29	16	33	15	-1	11
22	19	20	9	6	21	17	2	5	7	16	28	-1	29	-1	11	27	36	32	8	25	12	-1	33	3	26	14	4	-1	-1	-1	-1	34	-1	31	13
36	7	-1	13	30	11	14	-1	-1	1	32	3	10	20	-1	-1	16	21	22	24	5	18	31	35	-1	2	19	27	-1	17	-1	26	-1	25	23	9
12	27	1	29	2	-1	11	-1	34	23	25	9	-1	-1	6	18	-1	19	36	16	7	20	3	28	-1	8	-1	15	-1	35	4	5	14	24	32	22
34	15	22	19	13	36	-1	-1	14	9	1	29	16	-1	23	30	24	-1	31	-1	32	35	8	7	17	18	6	28	27	3	26	-1	10	12	-1	-1
31	30	29	-1	-1	-1	33	32	10	-1	-1	5	-1	17	25	1	-1	6	4	27	-1	28	15	-1	9	-1	2	26	13	-1	21	18	23	-1	7	19
-1	8	9	-1	24	-1	6	11	26	17	28	-1	2	32	21	19	29	35	20	1	18	14	23	16	30	34	-1	5	4	-1	-1	33	36	-1	22	15
2	-1	-1	10	-1	7	34	-1	-1	24	36	20	9	-1	22	33	18	-1	5	30	-1	13	-1	-1	29	15	25	-1	21	31	1	3	27	4	-1	35
-1	4	11	28	35	20	16	15	27	13	7	21	12	10	8	31	3	26	-1	19	9	2	25	-1	14	36	33	24	-1	22	-1	-1	32	-1	29	30
-1	33	25	21	26	17	23	35	18	19	4	2	7	-1	15	13	-1	27	12	22	3	36	29	34	-1	10	20	11	-1	32	8	14	31	9	5	6
21	-1	10	-1	22	-1	-1	12	7	26	11	16	31	18	33	20	8	2	-1	35	30	32	9	-1	34	27	28	-1	-1	29	14	-1	-1	3	4	24
19	-1	-1	30	11	23	32	33	21	2	-1	14	25	13	4	29	5	-1	6	26	27	24	-1	18	35	7	22	-1	3	1	36	-1	-1	31	-1	12
17	-1	32	6	-1	8	-1	4	20	30	-1	18	-1	35	19	-1	28	10	-1	-1	34	33	21	23	12	14	-1	25	31	16	5	15	9	27	1	26
35	1	13	-1	15	18	3	-1	19	25	-1	23	-1	24	11	21	-1	17	14	2	16	8	-1	5	-1	20	30	-1	-1	10	33	29	28	22	6	34
27	3	-1	2	33	-1	15	9	6	5	29	31	30	-1	-1	22	7	1	28	17	10	25	-1	4	32	-1	26	-1	19	36	20	-1	13	16	-1	-1
-1	14	-1	12	36	26	27	-1	24	35	22	-1	6	-1	-1	34	23	-1	15	13	1	31	19	3	5	9	21	-1	33	-1	17	2	11	-1	25	32
