6
1
-1	-1	-1	-1	-1	27	-1	-1	-1	-1	36	7	-1	-1	-1	-1	-1	-1	-1	-1	-1	-1	-1	-1	-1	-1	-1	-1	-1	13	-1	-1	-1	-1	-1	-1
17	-1	-1	-1	-1	-1	-1	-1	-1	-1	-1	-1	-1	-1	-1	-1	5	-1	-1	-1	22	-1	-1	-1	-1	21	-1	-1	18	-1	-1	-1	-1	34	-1	-1
34	-1	26	-1	-1	-1	-1	-1	-1	2	-1	14	8	-1	-1	-1	-1	-1	-1	-1	-1	-1	17	-1	-1	-1	-1	-1	-1	-1	20	-1	-1	-1	-1	-1
-1	13	-1	-1	-1	-1	-1	-1	-1	32	-1	16	-1	-1	-1	-1	9	-1	-1	31	-1	27	10	-1	-1	-1	-1	-1	-1	-1	-1	3	-1	-1	-1	-1
32	-1	5	6	-1	33	26	-1	-1	-1	-1	-1	-1	-1	-1	-1	-1	-1	-1	-1	-1	29	-1	-1	-1	-1	-1	-1	-1	-1	13	-1	-1	-1	-1	-1
-1	-1	-1	-1	-1	-1	-1	-1	27	25	-1	-1	-1	-1	26	30	-1	-1	-1	-1	-1	-1	-1	-1	-1	-1	-1	-1	-1	-1	-1	-1	-1	-1	-1	-1
-1	-1	-1	-1	6	-1	-1	-1	-1	-1	-1	-1	23	-1	-1	2	-1	-1	-1	-1	-1	-1	26	-1	-1	-1	-1	16	-1	-1	3	-1	-1	-1	-1	28
-1	-1	-1	-1	-1	-1	-1	-1	-1	-1	-1	-1	-1	-1	28	-1	-1	-1	-1	5	-1	-1	-1	-1	-1	-1	-1	6	27	-1	-1	-1	-1	12	-1	-1
-1	22	-1	-1	10	24	-1	27	-1	-1	-1	-1	-1	-1	-1	-1	-1	-1	18	-1	28	7	-1	-1	-1	-1	-1	-1	-1	-1	-1	16	-1	-1	-1	-1
-1	-1	-1	-1	11	-1	-1	-1	-1	31	-1	-1	-1	-1	-1	-1	-1	-1	-1	24	-1	-1	-1	-1	-1	-1	-1	26	-1	-1	30	-1	-1	-1	15	-1
12	-1	-1	-1	-1	-1	13	-1	-1	-1	-1	3	-1	-1	-1	-1	-1	-1	23	-1	-1	-1	-1	-1	-1	-1	-1	-1	-1	-1	7	-1	-1	-1	-1	-1
2	3	31	-1	-1	-1	-1	-1	-1	-1	-1	-1	-1	-1	-1	36	35	-1	-1	-1	-1	-1	-1	-1	13	-1	-1	-1	-1	-1	-1	19	33	-1	-1	-1
-1	-1	-1	-1	-1	-1	-1	7	-1	-1	-1	33	-1	5	-1	-1	-1	-1	-1	-1	-1	-1	-1	-1	-1	-1	-1	-1	-1	-1	11	-1	-1	-1	-1	-1
-1	-1	-1	20	-1	-1	-1	-1	31	-1	-1	-1	-1	-1	-1	-1	-1	-1	22	-1	-1	-1	-1	-1	17	-1	-1	-1	-1	-1	-1	33	-1	-1	-1	-1
-1	21	-1	-1	-1	-1	28	-1	-1	-1	-1	-1	-1	-1	10	-1	12	15	25	-1	-1	-1	-1	-1	-1	27	-1	-1	-1	-1	-1	-1	-1	-1	-1	4
-1	2	-1	9	-1	31	-1	-1	-1	-1	-1	-1	-1	-1	-1	-1	-1	29	26	-1	-1	-1	12	-1	-1	35	23	-1	-1	-1	-1	-1	-1	-1	36	-1
-1	-1	-1	-1	-1	-1	-1	-1	-1	-1	-1	-1	-1	-1	-1	-1	-1	-1	-1	-1	35	-1	-1	-1	-1	-1	-1	-1	-1	-1	-1	-1	-1	23	-1	-1
-1	-1	-1	-1	-1	-1	-1	-1	-1	23	4	-1	-1	-1	-1	-1	-1	-1	-1	-1	-1	-1	-1	-1	-1	7	-1	-1	-1	34	-1	-1	-1	-1	-1	-1
-1	-1	-1	-1	-1	-1	-1	-1	-1	-1	-1	-1	-1	-1	-1	15	-1	-1	-1	-1	-1	-1	-1	-1	14	-1	-1	-1	-1	-1	-1	-1	-1	8	-1	-1
16	-1	-1	-1	-1	-1	-1	-1	-1	-1	-1	-1	-1	26	-1	-1	-1	-1	10	17	-1	-1	20	-1	-1	-1	-1	-1	-1	-1	-1	1	-1	-1	-1	-1
-1	-1	-1	-1	-1	-1	-1	-1	-1	22	-1	-1	19	35	-1	-1	-1	-1	-1	-1	-1	-1	-1	-1	-1	-1	-1	-1	-1	-1	-1	-1	-1	-1	-1	-1
-1	-1	-1	-1	22	-1	-1	-1	35	-1	19	34	-1	-1	-1	-1	-1	-1	3	-1	-1	-1	33	9	25	-1	16	-1	-1	-1	-1	-1	-1	-1	-1	-1
-1	26	-1	-1	-1	-1	12	-1	-1	18	-1	-1	-1	-1	20	-1	-1	-1	-1	-1	-1	34	-1	-1	-1	-1	-1	-1	-1	-1	-1	-1	24	-1	-1	-1
27	-1	20	-1	-1	-1	-1	-1	-1	-1	-1	11	-1	-1	-1	-1	-1	-1	-1	15	-1	32	-1	-1	-1	-1	-1	-1	-1	30	-1	-1	-1	21	-1	-1
-1	-1	-1	-1	-1	8	-1	5	-1	-1	-1	-1	-1	-1	-1	-1	-1	-1	-1	23	-1	-1	-1	31	-1	1	-1	12	17	-1	35	-1	-1	6	-1	-1
23	14	-1	-1	34	-1	-1	-1	-1	-1	-1	-1	-1	-1	-1	-1	18	-1	-1	-1	16	-1	-1	-1	-1	31	-1	-1	-1	29	-1	11	-1	33	-1	-1
-1	25	-1	-1	-1	29	-1	-1	-1	12	-1	-1	-1	-1	-1	-1	-1	-1	-1	10	-1	5	-1	-1	-1	-1	-1	-1	4	-1	-1	-1	-1	-1	-1	-1
-1	-1	-1	-1	-1	-1	-1	-1	-1	-1	-1	-1	-1	-1	-1	-1	-1	-1	-1	-1	25	-1	-1	-1	-1	-1	-1	21	24	-1	-1	-1	-1	-1	-1	-1
-1	11	-1	-1	9	-1	17	-1	-1	-1	-1	-1	-1	-1	-1	-1	-1	-1	-1	-1	-1	-1	-1	3	-1	-1	-1	-1	-1	-1	-1	-1	30	-1	-1	-1
-1	-1	28	-1	-1	-1	-1	-1	22	-1	-1	-1	-1	-1	-1	-1	-1	-1	-1	-1	-1	-1	-1	-1	-1	-1	-1	-1	-1	-1	-1	-1	-1	-1	-1	27
-1	-1	-1	-1	-1	-1	-1	-1	-1	-1	-1	-1	-1	-1	-1	-1	-1	-1	-1	-1	-1	-1	-1	-1	-1	-1	-1	-1	-1	-1	-1	-1	-1	-1	-1	10
14	6	-1	-1	-1	-1	-1	-1	-1	-1	-1	-1	-1	-1	-1	-1	-1	-1	-1	-1	-1	-1	-1	33	26	-1	-1	30	-1	15	-1	-1	-1	-1	-1	-1
-1	-1	-1	-1	-1	-1	-1	-1	7	-1	-1	-1	-1	-1	-1	-1	-1	-1	-1	-1	-1	-1	-1	-1	-1	-1	-1	-1	-1	-1	-1	28	11	-1	-1	-1
-1	-1	-1	-1	-1	28	-1	-1	13	-1	-1	-1	-1	-1	36	-1	-1	-1	-1	-1	-1	-1	-1	-1	-1	-1	-1	-1	-1	-1	-1	-1	-1	-1	6	-1
-1	33	-1	-1	-1	-1	-1	30	-1	-1	-1	-1	-1	-1	-1	-1	-1	-1	-1	-1	-1	-1	-1	-1	-1	-1	-1	-1	-1	-1	-1	-1	-1	-1	-1	-1
-1	-1	-1	-1	-1	-1	-1	-1	-1	33	-1	-1	-1	-1	-1	-1	-1	-1	-1	-1	-1	-1	-1	-1	-1	-1	-1	-1	-1	-1	27	-1	-1	-1	-1	-1
