6
1
36	15	17	26	18	29	-1	-1	5	-1	8	28	-1	13	-1	32	-1	10	-1	-1	27	23	19	-1	2	-1	22	3	-1	4	30	-1	-1	9	11	35
25	5	10	2	30	20	36	-1	-1	-1	3	1	6	24	17	9	-1	4	29	15	16	21	-1	-1	28	7	35	26	12	-1	23	34	22	14	27	-1
24	13	9	34	33	14	7	-1	26	22	-1	6	-1	20	-1	-1	16	3	-1	-1	36	17	25	32	11	-1	21	8	-1	30	-1	-1	12	29	4	1
23	-1	-1	27	35	-1	-1	2	10	-1	-1	14	33	-1	-1	31	1	11	8	-1	22	26	34	-1	-1	18	25	15	13	29	6	5	28	7	24	32
12	11	19	-1	22	28	32	4	-1	-1	35	24	30	-1	-1	7	21	27	-1	5	14	1	18	-1	6	10	20	9	17	34	-1	-1	3	8	25	15
32	4	8	1	16	3	29	27	34	9	20	30	-1	22	26	-1	12	36	11	-1	2	7	10	-1	-1	-1	33	31	23	14	21	-1	17	-1	-1	13
15	-1	35	16	17	27	3	22	28	20	-1	19	-1	36	-1	12	-1	-1	1	31	5	-1	-1	10	13	25	4	-1	26	33	-1	8	2	32	6	18
19	9	11	5	32	18	-1	25	12	31	-1	36	-1	14	20	21	-1	6	15	27	34	-1	-1	2	23	-1	1	24	35	3	-1	10	13	16	33	22
-1	14	28	20	-1	-1	4	34	11	-1	29	35	10	8	-1	2	5	7	-1	33	9	19	23	-1	32	12	36	16	-1	6	17	-1	15	21	26	24
34	6	-1	33	-1	-1	-1	-1	-1	-1	5	27	17	-1	-1	29	32	-1	7	-1	25	24	21	13	-1	8	14	-1	30	28	36	1	-1	12	35	-1
-1	21	12	-1	-1	13	-1	30	-1	-1	-1	18	31	34	16	-1	4	22	3	14	11	35	32	20	9	-1	15	2	-1	27	5	19	23	28	7	29
7	25	-1	10	-1	26	13	-1	2	23	6	17	27	33	1	15	-1	18	12	-1	29	16	36	-1	21	-1	19	22	31	-1	4	-1	11	30	20	14
11	12	-1	-1	28	-1	-1	21	35	-1	24	-1	-1	-1	25	-1	20	-1	33	23	7	-1	14	31	30	26	34	32	6	2	-1	-1	27	-1	10	19
-1	-1	-1	9	26	21	1	6	8	17	10	5	15	2	-1	35	24	16	13	-1	20	-1	30	18	12	27	31	19	-1	11	28	22	29	34	14	33
-1	23	7	24	20	36	-1	-1	-1	12	30	33	-1	3	-1	-1	-1	-1	27	11	8	-1	-1	16	4	13	-1	18	28	10	9	-1	25	15	-1	-1
-1	-1	25	22	29	-1	34	28	13	15	18	-1	8	4	9	1	-1	-1	-1	19	-1	3	5	17	36	20	23	21	-1	24	35	12	-1	-1	2	30
5	33	34	15	-1	6	16	9	27	2	-1	20	13	32	36	18	26	19	-1	25	10	-1	-1	1	14	29	-1	-1	-1	35	24	4	31	23	3	-1
31	2	-1	14	1	-1	19	-1	22	-1	-1	11	-1	12	5	-1	-1	-1	24	-1	28	-1	35	26	-1	33	-1	7	25	17	16	32	-1	13	36	6
21	35	-1	3	6	23	10	8	19	1	-1	34	29	-1	-1	4	7	32	-1	-1	13	-1	20	5	17	30	9	28	33	26	12	-1	16	-1	-1	-1
17	-1	-1	-1	-1	33	-1	-1	-1	-1	22	29	-1	30	21	-1	31	26	-1	-1	32	28	3	34	8	24	13	23	11	18	7	6	36	4	-1	-1
9	-1	-1	-1	11	8	28	7	-1	14	-1	-1	5	-1	2	34	27	35	-1	1	12	4	16	6	3	-1	-1	36	15	-1	26	-1	19	-1	22	31
-1	-1	-1	4	31	34	-1	15	18	16	27	23	19	9	10	24	28	17	21	-1	-1	36	-1	8	-1	35	-1	20	14	12	13	29	-1	33	30	25
16	36	22	-1	2	-1	24	-1	32	5	21	13	-1	-1	33	23	3	25	10	18	-1	30	17	-1	-1	34	-1	-1	7	31	8	9	14	-1	15	27
-1	-1	14	32	7	19	9	33	4	26	31	25	20	6	22	8	36	12	35	2	15	-1	27	24	-1	1	-1	5	29	21	-1	18	10	11	28	17
-1	1	-1	11	4	-1	-1	-1	-1	3	33	31	36	17	35	30	18	-1	-1	6	26	-1	12	9	24	21	-1	27	5	22	-1	15	-1	20	8	16
14	-1	33	-1	3	16	35	-1	-1	-1	7	32	11	26	29	6	-1	28	-1	30	24	15	-1	23	1	2	10	13	-1	36	31	27	9	19	-1	12
28	-1	20	19	36	24	6	-1	1	27	-1	8	32	16	23	13	33	-1	5	4	3	25	22	29	7	11	18	35	-1	15	14	-1	30	17	34	10
30	-1	-1	31	21	-1	18	20	16	-1	12	4	7	27	19	22	-1	5	14	17	1	-1	11	28	34	3	8	33	9	-1	25	24	32	36	29	26
13	18	27	-1	8	-1	22	24	30	-1	28	10	25	21	-1	3	9	34	16	36	-1	-1	-1	-1	31	-1	12	6	4	19	-1	33	35	2	-1	7
-1	34	-1	23	-1	10	2	-1	9	36	-1	26	-1	15	8	-1	14	-1	-1	-1	-1	-1	13	27	-1	17	30	-1	32	-1	-1	-1	-1	-1	21	11
8	24	-1	17	-1	11	-1	26	-1	32	-1	-1	35	-1	-1	36	13	20	-1	12	18	-1	-1	21	-1	28	-1	-1	16	-1	-1	23	34	10	-1	-1
-1	16	4	6	-1	7	-1	36	29	-1	19	-1	9	10	12	26	8	15	25	-1	17	22	28	3	-1	-1	-1	11	21	5	-1	13	20	31	-1	-1
-1	-1	-1	36	13	-1	-1	12	14	10	1	-1	24	-1	3	17	11	21	6	-1	19	27	31	35	-1	22	2	-1	20	8	-1	30	26	25	18	28
2	20	23	12	27	32	8	3	21	-1	13	-1	14	-1	6	33	19	-1	30	16	-1	5	26	11	18	15	17	-1	34	1	29	-1	7	24	-1	36
18	28	30	21	19	22	5	35	24	11	34	7	1	31	-1	-1	29	2	20	9	-1	8	-1	36	-1	6	32	10	3	23	-1	14	33	-1	16	4
-1	-1	26	29	14	-1	31	-1	-1	18	16	2	22	-1	30	-1	-1	23	4	32	-1	-1	7	33	35	9	27	25	24	-1	15	11	1	6	19	8
