6
1
-1	-1	-1	9	-1	18	27	33	-1	11	15	32	7	-1	-1	-1	-1	16	1	-1	2	23	35	28	6	13	-1	25	30	4	14	-1	-1	24	12	3
23	29	-1	-1	24	11	31	28	8	25	34	3	2	33	-1	30	1	17	-1	9	-1	-1	5	15	-1	-1	-1	36	-1	-1	21	10	7	6	-1	-1
25	32	-1	16	15	6	17	7	4	22	19	5	35	10	24	29	21	28	-1	18	-1	33	-1	-1	12	1	8	-1	-1	27	-1	9	11	20	31	23
-1	-1	17	-1	26	-1	9	16	30	-1	2	-1	-1	12	34	-1	-1	31	13	-1	-1	-1	14	20	19	11	-1	35	15	5	36	29	-1	-1	27	25
4	-1	33	14	19	-1	21	-1	29	-1	24	-1	26	11	-1	15	-1	5	16	25	8	-1	22	12	-1	-1	3	10	-1	-1	13	-1	-1	-1	18	2
7	21	13	10	8	5	12	6	-1	23	1	35	9	-1	25	20	-1	27	30	19	3	-1	-1	36	14	-1	-1	2	26	18	4	-1	-1	16	-1	-1
28	-1	2	-1	30	34	-1	24	22	-1	26	31	20	6	27	-1	5	12	-1	-1	-1	-1	8	-1	15	4	29	-1	-1	-1	-1	16	-1	14	-1	17
11	20	8	15	-1	-1	-1	-1	16	36	13	21	33	32	29	23	31	-1	28	-1	4	10	26	-1	3	-1	-1	12	25	17	5	-1	9	22	-1	34
21	7	10	36	31	-1	32	8	-1	-1	-1	-1	17	28	18	-1	16	19	-1	3	27	-1	24	-1	35	26	23	5	22	-1	20	-1	4	15	29	1
5	-1	-1	23	16	12	-1	35	-1	9	-1	18	-1	-1	1	-1	11	26	20	-1	-1	13	21	-1	-1	36	-1	-1	34	2	-1	32	30	-1	-1	7
-1	-1	-1	22	33	17	30	3	28	-1	-1	19	15	-1	36	35	-1	34	2	29	7	18	-1	16	24	20	-1	14	-1	-1	-1	-1	-1	-1	6	-1
13	26	18	19	-1	-1	29	-1	-1	20	-1	-1	10	24	2	14	25	22	5	-1	17	6	32	11	9	28	-1	31	-1	7	-1	-1	-1	-1	-1	27
30	35	-1	21	10	36	24	5	25	34	-1	-1	12	9	13	33	8	29	6	-1	15	2	27	14	22	32	1	18	23	-1	-1	-1	-1	11	19	-1
27	17	-1	-1	6	13	4	1	-1	29	18	-1	30	-1	-1	22	20	-1	32	33	12	24	11	19	7	-1	26	3	8	21	-1	36	-1	-1	5	10
-1	23	32	11	9	31	8	-1	6	-1	17	16	-1	26	-1	28	18	2	10	36	-1	-1	-1	4	25	34	19	33	14	20	35	3	15	27	24	29
-1	-1	24	18	28	29	-1	-1	10	-1	22	14	6	3	11	27	-1	-1	26	-1	30	20	17	-1	36	-1	35	15	2	-1	25	-1	8	31	7	9
-1	8	14	1	7	20	28	-1	12	30	-1	-1	-1	-1	-1	25	24	36	22	-1	16	21	-1	23	29	-1	10	-1	-1	-1	-1	13	-1	2	33	4
-1	-1	34	5	22	33	15	-1	-1	-1	20	-1	-1	-1	4	32	10	-1	31	-1	13	7	9	35	30	6	-1	-1	28	-1	1	-1	14	-1	-1	-1
34	-1	20	24	-1	22	6	36	5	26	32	12	3	13	-1	-1	17	-1	21	11	28	31	30	18	-1	14	25	-1	1	29	16	-1	-1	33	9	8
36	1	21	32	-1	25	18	2	7	27	33	4	34	31	22	-1	35	-1	-1	23	-1	-1	12	5	-1	8	-1	13	19	15	3	-1	20	10	-1	6
33	-1	15	4	-1	8	10	-1	17	-1	35	34	-1	-1	5	-1	19	-1	14	-1	22	27	3	-1	-1	-1	32	28	-1	-1	-1	30	36	-1	-1	-1
9	-1	27	30	-1	-1	19	31	-1	21	23	1	-1	-1	32	8	-1	-1	34	-1	-1	36	29	17	20	33	2	24	18	11	28	25	-1	-1	15	14
35	-1	-1	31	29	-1	22	14	13	3	11	-1	4	-1	21	6	-1	-1	7	-1	26	15	25	-1	16	9	-1	17	36	12	2	27	18	32	34	5
-1	12	6	3	2	16	25	20	15	-1	-1	-1	-1	7	-1	36	23	33	4	13	19	-1	-1	-1	27	5	-1	-1	-1	31	22	17	21	-1	26	35
20	11	31	8	36	-1	-1	-1	-1	28	-1	10	22	34	-1	1	29	35	17	32	21	16	13	27	2	19	-1	9	24	3	-1	6	-1	26	30	15
-1	-1	22	6	-1	-1	26	30	19	-1	-1	-1	8	-1	14	18	-1	20	36	15	-1	28	2	3	-1	25	31	34	21	13	7	4	1	29	10	32
32	14	1	25	18	-1	34	-1	2	-1	-1	-1	-1	16	17	13	4	24	23	-1	-1	26	10	29	-1	22	-1	11	-1	35	9	8	19	-1	20	12
17	-1	12	28	-1	15	1	-1	11	16	-1	36	21	-1	-1	5	3	-1	-1	4	-1	19	31	9	-1	30	7	-1	32	6	27	22	25	-1	-1	-1
2	4	-1	-1	-1	27	-1	9	-1	24	-1	-1	31	-1	10	12	-1	7	25	6	33	-1	34	30	8	-1	17	20	29	1	-1	-1	13	5	-1	28
29	-1	9	35	13	19	-1	-1	3	12	25	-1	-1	-1	15	-1	32	-1	18	22	20	11	-1	7	33	-1	4	-1	27	-1	24	-1	31	23	-1	21
14	2	4	29	35	-1	23	10	24	13	27	-1	-1	-1	8	-1	6	-1	-1	-1	-1	32	19	33	18	7	30	-1	-1	25	26	12	5	1	22	16
6	-1	7	-1	-1	1	-1	19	-1	18	-1	-1	29	-1	35	3	12	25	15	-1	31	4	-1	21	5	-1	24	-1	17	10	23	14	-1	9	-1	13
16	33	-1	-1	27	28	-1	-1	1	31	4	17	11	-1	-1	26	36	30	-1	-1	-1	-1	-1	-1	21	2	-1	-1	6	9	-1	7	29	-1	-1	18
18	-1	19	12	20	10	2	-1	-1	32	7	22	27	4	-1	17	14	-1	35	-1	-1	-1	23	-1	26	3	16	8	-1	28	15	-1	-1	-1	25	31
22	3	-1	-1	17	-1	-1	25	9	-1	36	30	24	15	-1	31	-1	10	8	1	-1	-1	16	-1	-1	23	-1	29	-1	33	19	34	-1	4	2	20
15	31	26	34	-1	9	5	29	35	14	16	6	13	22	7	21	28	23	12	10	11	25	20	-1	32	-1	27	-1	4	19	8	-1	-1	-1	36	30
