6
1
32	31	-1	-1	30	12	13	20	18	4	1	27	-1	8	3	2	-1	-1	-1	33	19	16	-1	28	21	24	15	-1	-1	10	26	-1	-1	29	-1	23
15	-1	19	34	-1	-1	-1	6	36	22	-1	24	13	20	17	-1	10	-1	-1	25	23	9	11	29	-1	-1	35	2	14	-1	-1	30	32	-1	12	-1
24	-1	29	22	-1	35	3	-1	2	30	5	10	18	14	31	6	33	-1	-1	17	-1	34	-1	4	11	26	8	13	23	-1	-1	-1	20	16	7	-1
27	-1	-1	11	-1	-1	-1	33	8	-1	9	23	-1	26	32	24	-1	15	31	14	-1	13	-1	3	-1	5	34	16	29	30	-1	-1	6	4	35	36
-1	36	-1	8	18	-1	17	14	-1	7	-1	12	21	-1	-1	-1	5	-1	-1	-1	-1	-1	-1	-1	-1	-1	19	-1	25	20	33	28	22	15	13	-1
2	3	10	23	13	-1	-1	19	26	-1	11	28	12	30	-1	-1	-1	-1	27	-1	24	6	-1	5	-1	31	17	36	22	9	-1	-1	34	-1	-1	-1
10	24	21	28	7	-1	-1	-1	4	-1	14	13	-1	35	-1	5	25	29	-1	19	15	32	16	9	-1	2	-1	26	17	23	36	-1	-1	22	27	30
26	-1	6	-1	-1	-1	33	2	24	9	28	-1	14	-1	4	36	19	-1	-1	-1	13	-1	35	-1	-1	25	21	-1	-1	22	34	29	-1	20	23	18
-1	-1	-1	-1	-1	-1	25	-1	5	10	7	26	-1	-1	20	12	22	-1	6	29	4	2	36	21	9	15	11	-1	-1	3	-1	31	-1	19	-1	-1
4	19	12	32	-1	17	30	-1	-1	-1	15	-1	-1	27	10	21	2	31	7	26	1	33	18	-1	-1	-1	-1	-1	-1	-1	9	-1	24	6	-1	-1
20	-1	14	-1	31	-1	19	18	-1	34	32	-1	28	-1	7	16	8	-1	30	22	17	12	-1	-1	-1	33	-1	-1	5	6	4	1	25	-1	-1	2
-1	2	1	-1	33	15	35	-1	-1	3	22	-1	9	18	34	-1	-1	-1	8	27	31	23	-1	11	12	7	29	32	-1	24	-1	14	-1	26	10	5
22	-1	-1	25	-1	-1	-1	8	27	32	19	-1	36	10	24	-1	-1	35	5	16	14	-1	20	7	15	21	33	17	-1	18	-1	3	1	11	34	13
-1	8	13	-1	-1	-1	24	34	15	20	-1	6	-1	-1	-1	-1	-1	30	21	11	26	-1	19	25	14	-1	4	-1	1	-1	29	35	10	28	9	-1
30	-1	28	16	-1	2	9	4	25	-1	26	-1	-1	-1	-1	13	20	-1	-1	35	34	-1	-1	-1	-1	-1	7	29	24	-1	31	22	-1	-1	17	-1
34	5	3	14	-1	-1	-1	-1	-1	33	36	22	-1	4	-1	-1	16	-1	-1	-1	-1	29	1	15	-1	6	-1	-1	2	31	19	23	-1	-1	30	-1
-1	7	27	18	20	6	1	17	-1	14	16	-1	2	-1	-1	31	28	34	-1	-1	-1	-1	-1	-1	19	-1	-1	-1	8	-1	-1	5	21	33	26	24
33	12	4	15	-1	9	11	31	-1	-1	18	7	-1	-1	-1	-1	6	25	22	28	2	10	-1	-1	23	36	3	-1	20	35	8	16	-1	27	32	14
-1	22	-1	-1	-1	-1	-1	13	31	16	27	-1	33	-1	30	25	-1	23	19	-1	28	26	8	2	18	-1	-1	-1	3	-1	11	-1	-1	-1	1	32
5	-1	9	-1	14	34	29	-1	10	-1	-1	-1	32	15	-1	-1	18	-1	4	21	-1	-1	-1	-1	-1	1	26	11	7	16	-1	-1	3	23	24	25
-1	-1	-1	17	-1	-1	6	-1	-1	8	2	30	-1	13	11	19	27	5	-1	-1	29	20	7	-1	-1	-1	-1	12	-1	-1	10	33	16	35	31	28
-1	10	-1	-1	35	27	5	-1	34	25	-1	-1	22	2	-1	4	36	-1	12	15	30	11	-1	17	-1	32	-1	-1	6	-1	13	-1	-1	-1	21	26
29	23	33	36	4	28	26	-1	14	1	-1	18	-1	17	-1	34	-1	-1	3	24	16	-1	32	-1	-1	19	5	35	-1	8	-1	-1	-1	30	2	27
6	-1	7	20	32	16	-1	24	28	21	35	19	3	9	-1	1	-1	-1	-1	34	-1	31	14	-1	27	29	10	-1	13	-1	-1	-1	17	-1	-1	8
31	6	17	-1	22	4	16	-1	19	-1	25	3	-1	36	33	-1	34	-1	14	-1	-1	27	10	-1	5	20	23	-1	-1	29	2	-1	12	-1	28	-1
-1	-1	35	-1	15	23	18	11	30	36	-1	4	7	12	-1	20	13	-1	29	-1	-1	-1	-1	33	26	28	-1	-1	-1	-1	1	24	31	-1	25	6
-1	13	5	19	28	20	34	-1	-1	29	-1	21	27	25	22	-1	-1	10	32	7	-1	-1	15	12	-1	35	18	24	16	-1	-1	8	30	36	-1	-1
-1	30	-1	-1	2	32	-1	-1	-1	15	10	-1	17	29	35	18	23	-1	11	1	-1	-1	31	24	-1	4	-1	3	-1	25	21	13	33	9	-1	-1
11	21	26	10	-1	14	31	-1	-1	-1	8	33	-1	-1	2	9	-1	1	23	36	3	18	34	-1	32	17	13	15	-1	-1	-1	7	-1	-1	29	16
16	-1	34	1	29	24	-1	7	-1	12	23	-1	11	-1	26	14	-1	32	28	-1	-1	17	4	35	30	-1	-1	27	36	-1	3	10	5	18	-1	19
13	29	22	-1	-1	-1	36	15	7	19	21	16	10	1	-1	27	32	-1	2	9	8	-1	-1	14	17	18	12	-1	28	-1	25	-1	23	31	5	-1
-1	-1	30	-1	-1	-1	14	3	-1	-1	6	-1	29	7	18	22	24	28	35	5	-1	-1	-1	26	36	23	-1	33	34	-1	12	20	8	17	4	-1
14	-1	2	24	11	-1	-1	-1	-1	31	-1	-1	16	23	-1	3	-1	-1	34	-1	32	21	-1	19	25	-1	6	-1	35	27	28	-1	29	-1	-1	1
-1	-1	8	3	10	-1	23	32	20	18	4	35	-1	34	-1	-1	11	-1	16	31	7	-1	24	-1	-1	-1	-1	19	15	21	22	-1	-1	13	-1	-1
-1	-1	32	-1	16	19	-1	27	33	-1	13	25	35	-1	36	30	-1	20	-1	-1	-1	-1	6	1	7	10	-1	22	4	2	14	-1	-1	3	15	11
23	-1	-1	6	27	-1	-1	5	29	11	-1	-1	-1	-1	-1	15	-1	17	-1	30	33	22	28	13	-1	14	1	-1	32	-1	-1	26	7	21	36	-1
