6
1
33	23	32	-1	-1	2	-1	9	13	-1	22	4	36	17	30	7	19	-1	18	1	21	34	31	20	29	15	24	3	8	-1	14	10	12	25	6	5
24	1	10	-1	18	17	31	3	-1	-1	30	21	34	-1	4	22	-1	9	27	25	12	29	35	-1	13	5	32	36	14	16	7	15	20	2	33	11
9	-1	-1	-1	4	25	33	18	14	20	34	12	5	28	32	-1	31	10	22	-1	-1	30	16	26	21	1	23	35	-1	-1	13	19	24	-1	17	27
16	20	19	-1	-1	-1	32	7	25	29	15	-1	2	6	35	11	-1	12	33	36	-1	23	4	3	9	26	-1	22	10	34	1	21	-1	8	-1	-1
21	35	30	36	-1	29	6	17	19	24	23	11	1	20	-1	14	27	-1	13	2	-1	8	28	5	25	33	-1	7	-1	31	22	26	-1	-1	4	18
-1	12	-1	31	13	-1	10	-1	5	28	8	1	25	-1	-1	-1	26	-1	7	9	14	19	15	24	-1	17	-1	-1	20	11	36	32	-1	35	3	23
-1	29	-1	25	22	10	14	12	17	8	36	16	7	33	3	24	4	5	30	23	-1	20	27	1	6	2	31	34	19	-1	35	28	18	-1	13	21
-1	28	3	16	20	7	15	-1	18	5	21	35	23	27	-1	8	12	6	25	17	34	4	13	33	-1	9	1	26	11	30	-1	14	-1	29	24	2
17	27	35	-1	-1	-1	11	13	6	-1	29	-1	32	14	-1	15	25	2	-1	26	5	-1	18	12	28	36	20	4	33	7	31	3	16	19	10	-1
5	19	-1	2	11	32	28	31	34	-1	25	-1	21	-1	1	29	22	36	8	10	9	14	-1	35	-1	18	17	16	-1	27	-1	6	15	-1	7	26
-1	8	13	18	-1	12	3	33	-1	-1	-1	9	-1	35	10	-1	-1	34	31	24	6	28	32	11	15	29	22	14	23	5	4	-1	-1	36	20	30
23	24	4	6	9	1	-1	-1	-1	27	26	10	16	13	18	30	28	11	2	-1	-1	3	-1	15	35	21	8	-1	-1	-1	-1	33	-1	-1	-1	32
22	4	27	-1	32	24	9	15	1	11	33	17	12	25	-1	16	13	3	-1	-1	36	31	20	7	30	19	14	10	34	26	29	5	28	-1	-1	-1
29	36	25	26	10	11	20	30	-1	4	3	32	-1	-1	6	2	7	1	9	18	16	22	19	8	17	24	27	5	35	23	21	-1	33	15	-1	-1
-1	-1	-1	9	34	14	2	26	21	19	-1	7	11	30	17	33	20	15	10	3	23	12	29	-1	-1	6	4	28	22	-1	27	-1	-1	18	35	-1
7	-1	20	30	31	15	27	35	10	36	18	25	22	21	-1	-1	14	24	-1	28	-1	-1	33	-1	11	-1	-1	9	-1	8	6	1	-1	13	-1	4
-1	-1	-1	3	-1	18	29	22	24	34	13	8	35	26	-1	-1	5	-1	-1	27	-1	17	6	14	16	-1	25	1	21	32	12	30	19	23	11	31
-1	-1	33	35	1	19	16	-1	12	-1	14	31	9	4	27	32	10	23	34	-1	2	24	5	30	-1	7	-1	29	13	15	26	20	22	17	8	-1
19	25	9	-1	12	36	-1	10	30	17	-1	28	-1	3	8	13	33	21	1	5	29	27	-1	6	-1	-1	35	23	32	20	15	-1	7	22	34	-1
32	-1	16	-1	7	23	26	-1	33	3	-1	2	-1	29	22	31	35	20	14	12	17	-1	10	4	24	34	-1	6	30	19	-1	-1	-1	11	-1	28
20	3	24	13	2	26	-1	-1	8	16	32	15	6	-1	-1	4	11	18	36	-1	30	21	-1	28	27	31	-1	33	7	-1	-1	29	5	14	19	12
15	34	29	11	-1	22	5	-1	27	31	35	36	-1	-1	-1	-1	2	25	-1	33	26	-1	-1	9	14	12	13	-1	3	17	18	16	4	1	21	-1
31	14	1	33	8	6	-1	-1	7	-1	11	19	27	32	15	28	9	16	-1	34	35	-1	3	-1	18	4	10	25	26	-1	17	2	13	30	23	36
-1	17	-1	28	30	5	12	20	23	-1	4	6	24	1	19	10	-1	14	-1	13	-1	18	8	22	36	11	16	2	29	21	25	35	31	26	9	3
25	11	5	-1	3	28	23	-1	-1	7	17	13	30	-1	9	-1	1	4	-1	20	19	-1	14	-1	10	-1	36	-1	-1	-1	-1	-1	6	-1	32	29
-1	26	7	17	-1	4	36	5	9	-1	-1	33	15	16	-1	27	18	32	28	11	3	-1	1	-1	23	22	-1	19	31	25	-1	12	8	24	14	-1
10	-1	31	15	29	20	30	19	-1	21	6	-1	-1	23	-1	-1	34	13	35	8	33	16	36	-1	4	32	12	18	27	-1	11	22	-1	-1	2	17
30	18	23	27	21	-1	-1	11	35	32	-1	3	28	2	-1	36	6	-1	4	15	24	13	22	-1	26	14	7	-1	16	-1	5	25	-1	10	1	34
13	2	36	19	35	-1	25	4	26	14	28	34	8	24	31	-1	17	33	-1	-1	18	5	7	21	20	-1	11	-1	15	6	3	23	30	16	-1	9
14	6	34	24	33	8	-1	-1	2	22	10	18	20	12	5	21	29	35	32	-1	-1	25	26	23	-1	-1	3	-1	28	13	-1	31	27	7	36	19
28	-1	15	32	25	34	-1	21	22	30	2	27	10	-1	14	23	16	-1	11	31	-1	6	-1	-1	7	35	19	17	5	-1	-1	24	9	20	18	33
11	22	8	1	36	33	-1	-1	-1	-1	-1	-1	4	-1	20	19	15	30	21	29	28	26	23	27	2	10	-1	32	18	24	-1	17	35	12	-1	6
-1	-1	21	5	24	16	17	-1	-1	26	1	20	-1	-1	-1	3	36	29	15	7	25	35	9	-1	34	-1	6	11	12	4	2	-1	-1	32	31	13
35	-1	14	12	26	30	-1	32	4	23	16	5	-1	18	21	34	24	-1	-1	-1	10	-1	2	-1	31	3	-1	8	-1	29	-1	7	1	27	28	-1
18	-1	2	10	23	3	-1	25	15	35	31	24	13	-1	7	12	-1	17	5	32	4	-1	-1	19	1	20	26	-1	9	28	-1	11	14	21	30	-1
6	31	-1	29	19	27	7	8	11	13	9	14	26	5	2	-1	32	28	12	-1	20	1	34	17	33	30	21	15	-1	22	23	36	25	4	-1	16
