6
1
15	17	8	7	-1	19	34	32	11	-1	35	23	33	1	20	2	10	-1	25	13	4	-1	6	-1	18	29	-1	-1	-1	27	28	22	14	-1	-1	30
16	5	-1	-1	32	23	21	17	-1	15	-1	-1	4	-1	-1	-1	29	28	36	-1	1	10	9	12	35	2	11	14	31	-1	33	26	13	24	3	20
29	3	-1	4	-1	-1	18	30	36	-1	7	-1	13	22	-1	12	31	34	-1	35	-1	24	26	8	-1	5	10	-1	-1	-1	1	23	32	17	-1	21
2	35	14	24	11	21	10	19	29	5	-1	-1	-1	32	23	3	-1	17	27	22	30	7	-1	33	34	28	4	-1	1	36	-1	8	-1	15	9	16
22	36	1	18	31	27	33	9	2	26	-1	13	8	-1	35	-1	-1	5	32	20	28	19	-1	17	-1	12	-1	25	15	23	7	11	34	-1	10	6
10	20	13	33	-1	30	-1	22	31	1	28	4	21	15	27	9	18	-1	3	5	2	11	23	14	-1	16	24	26	8	17	-1	35	19	-1	25	-1
9	13	23	-1	-1	5	29	3	-1	-1	36	10	-1	-1	19	11	8	18	2	32	35	-1	-1	-1	-1	17	-1	34	22	15	14	25	-1	4	24	12
18	16	-1	-1	4	-1	25	28	-1	21	-1	7	20	27	2	35	36	-1	10	15	11	13	12	-1	30	9	14	32	-1	5	-1	-1	33	-1	34	31
28	15	33	19	10	31	5	-1	14	27	13	9	25	17	-1	32	22	30	6	-1	20	18	36	21	12	8	26	2	4	11	16	-1	3	23	7	1
20	-1	2	6	-1	36	23	4	30	32	18	19	12	29	31	14	-1	7	26	34	-1	17	28	1	16	10	-1	24	21	25	11	-1	-1	9	-1	35
-1	30	32	27	35	1	-1	20	24	16	-1	12	-1	-1	26	21	5	6	-1	7	25	8	14	23	33	-1	3	36	19	28	29	-1	18	10	2	17
14	-1	-1	-1	34	11	6	-1	17	8	-1	2	-1	33	16	10	3	15	4	31	22	29	30	9	-1	18	-1	20	35	7	5	-1	26	-1	28	-1
1	-1	15	-1	2	34	-1	-1	-1	19	-1	21	-1	-1	29	30	35	33	-1	-1	-1	-1	-1	36	32	26	7	11	5	-1	10	3	16	-1	-1	-1
21	18	30	-1	19	-1	16	26	22	36	6	29	14	-1	13	27	-1	-1	34	-1	9	15	5	10	3	24	28	-1	25	31	35	1	17	2	32	-1
7	-1	25	16	14	26	24	23	4	-1	12	30	9	11	-1	20	-1	22	35	19	21	-1	33	28	29	6	1	17	36	2	13	31	-1	5	18	8
11	29	3	17	13	10	35	1	20	34	2	33	28	16	36	-1	21	8	7	12	27	6	4	31	23	15	18	19	14	9	25	-1	22	-1	30	24
4	-1	36	-1	33	-1	3	-1	9	-1	5	31	23	25	7	6	34	-1	13	30	-1	2	24	18	-1	27	22	12	10	20	26	-1	21	-1	15	14
31	27	12	-1	9	28	14	18	8	7	17	15	10	2	24	5	26	32	29	-1	3	16	11	22	21	33	-1	13	-1	-1	6	19	-1	36	23	34
26	7	35	21	22	13	8	-1	32	12	4	-1	-1	6	18	-1	15	-1	-1	3	17	20	31	2	19	-1	23	28	-1	14	9	-1	25	-1	-1	5
27	1	-1	29	23	24	20	33	34	-1	19	25	11	14	22	17	-1	36	5	-1	6	4	21	-1	26	31	16	30	-1	35	2	15	7	18	8	28
-1	32	5	2	28	18	-1	-1	15	35	-1	16	7	4	34	13	9	21	30	27	33	-1	29	11	36	3	25	-1	12	1	-1	24	-1	26	17	23
6	31	-1	12	36	-1	2	29	18	11	23	1	-1	20	30	33	-1	-1	19	28	8	-1	-1	25	17	7	-1	15	-1	13	32	21	27	3	-1	4
19	10	11	25	-1	17	9	6	-1	-1	-1	26	2	3	-1	16	24	23	1	-1	-1	14	32	-1	27	34	-1	22	18	29	20	-1	-1	33	12	-1
8	4	20	3	16	9	22	13	10	24	14	-1	32	19	12	1	28	27	15	18	36	-1	35	-1	6	-1	33	5	2	-1	34	30	31	11	-1	-1
13	8	27	-1	29	32	-1	24	33	17	9	3	15	36	4	34	7	31	14	1	23	-1	25	35	2	21	-1	6	28	10	18	16	12	22	11	19
-1	-1	17	28	24	-1	32	10	-1	18	-1	6	-1	35	5	26	2	-1	20	33	-1	3	-1	-1	25	-1	30	23	29	4	-1	-1	8	14	1	15
-1	12	4	10	-1	35	15	2	26	20	29	11	27	9	3	22	-1	25	-1	-1	18	21	-1	30	-1	-1	36	7	24	19	17	34	-1	31	33	13
-1	9	-1	26	3	7	-1	-1	12	-1	21	-1	24	10	8	-1	14	1	17	-1	5	28	16	15	13	22	27	-1	34	-1	-1	36	-1	35	-1	32
-1	23	-1	30	6	-1	36	35	16	22	-1	34	18	28	21	-1	19	20	-1	2	24	-1	27	29	-1	11	12	31	33	8	-1	-1	-1	-1	5	7
5	33	-1	20	25	22	30	-1	7	14	31	28	-1	13	-1	23	6	11	8	26	19	36	34	32	1	35	15	9	17	16	24	10	4	21	27	29
23	19	10	14	18	16	7	-1	-1	4	1	32	22	12	17	28	-1	26	-1	-1	15	31	20	-1	-1	-1	29	27	6	-1	21	-1	35	25	-1	9
-1	28	-1	9	12	33	-1	21	27	-1	-1	22	1	-1	-1	18	13	-1	23	-1	16	-1	-1	4	8	25	-1	35	30	-1	31	14	20	-1	19	-1
3	6	-1	35	7	-1	28	-1	-1	30	11	8	34	21	14	36	25	-1	18	9	29	32	13	19	22	1	2	16	20	24	-1	33	10	-1	4	26
32	11	31	15	17	-1	12	25	5	2	26	35	29	8	6	7	23	19	33	24	-1	30	-1	-1	4	-1	34	10	9	21	3	28	-1	13	22	36
-1	2	-1	8	26	4	13	14	19	6	24	36	35	31	9	-1	-1	-1	21	11	10	1	17	34	15	23	5	33	7	-1	12	27	30	-1	29	18
24	-1	22	36	21	20	-1	-1	3	33	16	-1	30	5	15	-1	4	10	28	-1	14	26	8	27	-1	13	19	18	-1	32	23	2	1	34	-1	11
