6
1
-1	-1	17	31	-1	-1	-1	6	5	-1	4	32	-1	23	-1	-1	-1	-1	-1	-1	-1	14	-1	-1	-1	-1	-1	-1	-1	-1	1	-1	-1	-1	-1	33
-1	-1	-1	-1	-1	11	-1	-1	-1	31	-1	-1	-1	3	10	-1	-1	-1	-1	-1	-1	16	-1	-1	-1	-1	19	-1	21	7	-1	17	-1	23	29	-1
-1	-1	-1	-1	-1	-1	-1	-1	9	35	19	-1	-1	-1	-1	-1	-1	-1	8	31	-1	6	-1	-1	-1	-1	-1	-1	-1	-1	-1	-1	-1	-1	-1	-1
-1	-1	-1	8	-1	10	-1	-1	22	-1	-1	-1	-1	-1	-1	-1	-1	-1	-1	-1	17	-1	-1	9	-1	-1	-1	-1	-1	11	-1	15	-1	3	-1	19
-1	21	-1	-1	-1	-1	-1	-1	-1	-1	-1	-1	-1	-1	-1	-1	-1	-1	-1	-1	25	29	26	-1	-1	27	-1	16	9	-1	-1	-1	-1	2	-1	7
-1	-1	-1	-1	-1	-1	-1	-1	-1	12	-1	3	-1	-1	-1	-1	-1	-1	-1	-1	-1	-1	20	-1	36	-1	-1	-1	-1	-1	-1	28	6	-1	-1	-1
-1	-1	32	23	-1	-1	-1	-1	-1	26	28	-1	-1	-1	-1	-1	-1	-1	15	-1	-1	-1	-1	-1	-1	-1	-1	-1	11	-1	-1	-1	-1	-1	-1	-1
-1	-1	-1	-1	-1	13	-1	-1	-1	-1	-1	-1	-1	-1	9	-1	-1	30	-1	27	-1	31	-1	34	-1	3	-1	24	-1	-1	-1	-1	5	-1	-1	15
-1	-1	-1	-1	15	-1	13	11	-1	-1	-1	-1	-1	-1	-1	-1	-1	-1	-1	-1	-1	8	3	-1	-1	-1	-1	-1	-1	-1	29	36	-1	-1	-1	-1
-1	-1	-1	-1	14	-1	-1	-1	8	-1	-1	-1	-1	-1	-1	-1	-1	-1	-1	-1	-1	11	13	18	-1	-1	-1	35	29	-1	-1	6	-1	19	-1	32
2	-1	-1	-1	28	-1	-1	-1	-1	-1	-1	-1	-1	14	-1	-1	-1	18	-1	-1	-1	-1	-1	-1	-1	-1	27	-1	-1	-1	-1	-1	-1	-1	-1	-1
-1	-1	-1	20	-1	22	-1	-1	-1	3	-1	-1	-1	-1	4	-1	-1	6	-1	21	24	-1	-1	35	-1	-1	-1	-1	-1	-1	-1	33	-1	8	-1	-1
-1	29	-1	-1	-1	-1	3	-1	-1	-1	-1	-1	-1	-1	-1	-1	-1	17	-1	-1	19	36	-1	-1	-1	31	-1	-1	-1	-1	-1	-1	-1	6	10	25
34	-1	-1	-1	-1	28	-1	15	-1	-1	-1	-1	-1	-1	-1	29	-1	-1	27	-1	-1	-1	22	-1	-1	-1	26	-1	-1	-1	-1	-1	9	-1	-1	-1
-1	-1	-1	-1	-1	33	23	-1	-1	-1	18	-1	-1	-1	-1	-1	-1	1	-1	-1	-1	-1	-1	-1	-1	15	28	-1	-1	-1	26	29	-1	-1	-1	-1
-1	-1	-1	-1	-1	-1	-1	-1	-1	-1	-1	-1	-1	-1	-1	-1	-1	-1	2	-1	-1	-1	-1	-1	-1	16	-1	-1	-1	-1	-1	-1	-1	-1	35	-1
-1	-1	-1	-1	-1	-1	-1	-1	-1	-1	-1	-1	-1	-1	-1	14	-1	-1	11	6	32	-1	28	30	-1	20	-1	-1	-1	35	-1	-1	-1	16	-1	-1
25	-1	-1	-1	-1	-1	-1	-1	-1	16	22	-1	-1	-1	-1	-1	7	34	-1	-1	35	-1	-1	-1	12	-1	10	-1	-1	-1	-1	-1	-1	-1	-1	-1
12	34	-1	-1	-1	17	-1	-1	-1	-1	-1	-1	19	-1	-1	-1	-1	-1	-1	-1	-1	-1	-1	36	-1	-1	-1	-1	-1	-1	-1	-1	-1	-1	-1	-1
-1	-1	-1	-1	13	-1	31	-1	-1	-1	-1	21	-1	27	-1	-1	-1	-1	34	-1	1	-1	-1	-1	-1	-1	-1	-1	-1	-1	30	-1	-1	-1	24	-1
-1	-1	-1	21	-1	18	6	-1	-1	-1	-1	-1	-1	-1	34	-1	9	-1	-1	-1	23	-1	-1	-1	-1	-1	-1	-1	-1	-1	15	13	-1	-1	-1	-1
24	-1	-1	-1	-1	-1	-1	-1	-1	-1	-1	-1	-1	-1	-1	-1	-1	-1	-1	-1	-1	-1	-1	-1	13	-1	-1	26	-1	-1	-1	-1	-1	-1	-1	34
1	-1	-1	-1	-1	-1	-1	-1	-1	5	-1	-1	10	-1	-1	-1	-1	-1	17	-1	-1	-1	-1	-1	-1	-1	34	-1	31	27	-1	4	-1	-1	-1	8
29	25	-1	-1	-1	36	34	-1	-1	-1	-1	-1	-1	5	-1	-1	31	-1	-1	-1	-1	-1	-1	19	17	-1	-1	-1	22	21	-1	35	-1	26	28	-1
-1	-1	-1	7	-1	-1	-1	34	-1	-1	-1	-1	-1	-1	-1	-1	-1	-1	-1	-1	-1	-1	-1	20	-1	-1	-1	-1	-1	-1	-1	26	-1	-1	-1	-1
-1	-1	-1	-1	-1	-1	-1	-1	-1	-1	-1	-1	36	-1	19	-1	-1	-1	-1	-1	-1	-1	-1	-1	-1	1	-1	-1	-1	-1	-1	-1	-1	-1	-1	-1
-1	-1	-1	-1	-1	29	-1	-1	16	-1	-1	-1	-1	-1	-1	-1	-1	-1	-1	-1	-1	-1	-1	22	11	-1	-1	-1	6	-1	-1	-1	-1	-1	-1	-1
-1	-1	15	-1	-1	-1	-1	-1	-1	-1	-1	-1	-1	-1	1	35	-1	-1	-1	-1	-1	-1	-1	17	-1	-1	-1	-1	-1	-1	-1	-1	-1	30	-1	-1
-1	-1	-1	-1	-1	-1	-1	-1	-1	-1	-1	-1	-1	12	5	-1	-1	-1	-1	-1	-1	-1	-1	11	-1	-1	-1	-1	-1	-1	18	-1	17	-1	-1	-1
-1	35	-1	-1	-1	-1	-1	-1	-1	-1	24	-1	-1	-1	14	-1	-1	-1	30	-1	-1	-1	-1	10	-1	-1	-1	-1	-1	9	13	-1	-1	-1	-1	-1
-1	-1	-1	-1	23	32	-1	-1	-1	6	-1	-1	-1	-1	-1	12	-1	-1	-1	-1	-1	-1	17	-1	-1	-1	33	-1	-1	-1	-1	-1	-1	-1	-1	-1
-1	-1	-1	-1	-1	-1	-1	-1	-1	-1	35	-1	-1	-1	-1	-1	8	-1	-1	-1	-1	-1	9	-1	-1	-1	-1	-1	-1	-1	-1	-1	-1	-1	-1	-1
17	-1	-1	-1	3	-1	-1	-1	-1	-1	-1	-1	-1	-1	-1	-1	28	24	16	-1	-1	-1	11	-1	-1	-1	-1	-1	-1	-1	27	-1	10	-1	-1	29
-1	-1	-1	-1	-1	-1	11	9	28	18	-1	-1	-1	-1	-1	15	-1	-1	19	-1	-1	-1	-1	1	29	-1	-1	21	-1	-1	-1	-1	34	5	16	-1
-1	14	-1	-1	-1	16	-1	-1	21	-1	-1	-1	13	-1	-1	-1	-1	-1	-1	-1	-1	-1	-1	25	-1	-1	-1	-1	-1	-1	-1	-1	-1	-1	6	-1
27	-1	-1	-1	26	-1	-1	-1	-1	-1	-1	-1	-1	-1	-1	-1	-1	-1	-1	-1	-1	-1	-1	-1	-1	-1	-1	9	-1	-1	-1	-1	-1	-1	-1	-1
