6
1
24	-1	12	28	-1	-1	21	-1	1	26	25	-1	14	18	34	-1	29	19	6	22	8	32	-1	-1	30	33	-1	-1	-1	20	13	17	4	36	7	11
16	-1	22	26	4	30	-1	-1	10	28	-1	29	5	-1	6	1	31	25	-1	-1	18	3	9	-1	7	32	-1	-1	27	11	-1	-1	12	2	14	15
11	-1	8	-1	10	19	-1	-1	16	23	34	9	17	12	32	-1	30	13	-1	-1	-1	2	36	7	3	6	14	28	15	22	-1	24	35	-1	20	21
18	-1	25	6	-1	-1	7	31	3	5	32	4	2	27	11	22	8	21	15	29	34	30	35	-1	23	-1	17	26	1	10	-1	-1	33	9	-1	-1
-1	20	-1	7	13	-1	2	14	8	36	15	6	4	16	24	-1	33	28	21	-1	27	12	26	-1	-1	5	35	9	-1	31	1	-1	29	-1	10	25
29	5	14	31	17	33	11	27	35	30	24	12	-1	9	36	-1	15	20	-1	25	13	1	-1	-1	18	21	34	16	2	19	-1	6	28	8	22	-1
-1	17	33	30	-1	12	-1	1	4	21	23	13	32	-1	-1	20	-1	24	5	2	31	29	25	16	14	22	3	-1	9	-1	8	7	10	34	-1	6
19	34	-1	-1	-1	25	14	-1	2	6	9	-1	7	-1	31	17	1	15	-1	35	3	-1	4	21	16	30	5	32	23	8	29	36	26	-1	-1	20
8	7	1	-1	-1	18	-1	17	32	-1	3	26	16	28	-1	13	14	35	10	6	-1	23	19	15	11	34	25	20	12	29	24	-1	22	-1	21	4
5	35	20	-1	23	-1	31	11	25	15	36	30	26	4	-1	29	-1	3	-1	-1	9	22	33	-1	13	27	7	-1	24	-1	-1	16	18	28	17	19
31	4	32	3	27	29	22	-1	-1	35	5	-1	36	25	12	2	19	34	-1	8	26	7	18	-1	28	1	-1	21	10	6	11	33	15	23	-1	13
26	16	28	-1	11	10	8	-1	7	12	-1	19	-1	21	30	6	-1	9	-1	13	1	-1	14	-1	36	-1	31	15	33	18	2	27	32	5	3	35
-1	10	36	21	-1	16	32	26	-1	2	17	25	27	29	-1	19	-1	22	20	-1	30	-1	5	-1	-1	18	6	24	8	13	9	11	14	-1	15	-1
-1	-1	-1	8	12	15	-1	7	19	-1	33	35	13	1	-1	18	10	-1	16	31	14	25	23	-1	20	-1	9	-1	34	28	22	32	-1	-1	2	24
7	26	-1	14	34	-1	23	6	20	9	30	24	-1	11	-1	5	-1	16	-1	10	-1	-1	17	32	-1	12	15	4	31	-1	27	18	25	19	33	28
-1	25	19	32	33	17	3	28	-1	18	-1	36	-1	-1	9	-1	21	-1	4	12	15	-1	-1	27	-1	-1	22	35	-1	-1	7	13	23	-1	-1	-1
22	3	-1	2	-1	27	4	10	34	8	13	-1	-1	24	33	30	25	-1	28	36	35	-1	29	-1	-1	19	-1	14	26	-1	-1	-1	5	-1	31	12
-1	18	6	1	24	31	-1	29	21	22	-1	-1	35	-1	4	36	17	32	26	7	-1	-1	-1	19	33	23	11	2	-1	5	34	-1	3	30	8	-1
-1	33	15	36	29	4	30	-1	-1	-1	14	17	-1	-1	3	25	34	5	32	11	-1	21	2	-1	-1	-1	8	19	-1	26	35	1	-1	12	-1	-1
30	-1	3	10	14	-1	6	20	-1	-1	28	-1	-1	22	-1	-1	11	33	-1	18	36	17	-1	9	25	35	2	34	7	-1	-1	5	16	29	-1	27
28	6	31	34	-1	35	-1	9	-1	19	22	15	30	-1	27	14	-1	1	-1	3	-1	4	-1	-1	5	24	23	12	-1	16	26	-1	20	-1	32	2
9	-1	5	18	-1	24	-1	-1	13	-1	29	2	-1	-1	15	-1	36	4	-1	27	33	-1	16	-1	22	-1	28	1	3	21	10	-1	-1	7	11	17
32	-1	11	17	7	2	-1	35	-1	34	-1	8	31	19	-1	24	26	23	22	15	20	28	13	12	9	29	36	18	-1	4	-1	30	-1	-1	-1	14
21	22	-1	23	26	13	18	-1	-1	-1	-1	-1	-1	7	20	10	-1	-1	8	-1	25	35	24	-1	-1	-1	30	11	6	27	28	19	9	-1	-1	33
34	1	16	-1	18	20	24	-1	28	33	7	21	10	2	26	8	-1	-1	-1	-1	17	19	30	25	27	13	-1	31	35	23	14	4	6	-1	5	36
2	12	23	5	-1	-1	25	19	-1	13	11	-1	15	6	7	3	32	14	-1	33	22	18	10	-1	34	36	4	17	-1	9	-1	-1	1	20	27	-1
10	-1	29	-1	3	7	-1	-1	14	27	-1	22	33	-1	-1	9	23	12	2	1	11	36	15	26	6	20	32	5	30	24	17	-1	19	-1	13	8
36	13	24	-1	22	9	34	23	-1	32	1	-1	25	30	35	-1	27	17	3	-1	-1	20	7	4	-1	10	26	-1	-1	14	31	29	21	18	16	-1
4	8	26	15	-1	11	-1	3	9	-1	10	5	19	20	18	-1	16	31	29	14	23	24	6	35	-1	25	21	7	28	-1	33	34	2	22	12	-1
6	30	17	35	32	14	-1	12	-1	29	18	-1	22	13	28	-1	-1	36	-1	-1	5	34	21	31	2	15	-1	3	16	1	23	26	11	-1	24	-1
35	-1	-1	22	36	23	33	-1	-1	7	8	-1	18	17	14	28	4	30	19	5	12	27	34	2	21	9	20	13	-1	-1	-1	-1	-1	-1	29	26
-1	-1	-1	9	-1	1	13	4	-1	17	21	-1	29	3	22	-1	12	27	30	20	24	15	32	-1	26	11	-1	6	14	7	-1	-1	-1	-1	35	10
12	11	-1	25	-1	-1	-1	2	5	-1	19	20	9	36	8	33	-1	-1	-1	23	28	-1	31	3	24	-1	-1	-1	-1	-1	-1	-1	13	14	-1	18
-1	27	30	-1	28	3	36	-1	-1	-1	12	31	-1	35	25	-1	-1	26	7	9	29	13	22	18	19	17	10	23	-1	32	5	21	34	16	4	1
13	14	-1	19	20	-1	1	25	15	24	26	-1	-1	-1	10	-1	6	-1	-1	-1	-1	16	11	8	35	28	12	27	-1	-1	30	9	17	33	23	22
17	-1	-1	29	15	-1	35	-1	22	-1	27	10	-1	-1	23	34	13	2	25	26	21	-1	-1	6	1	8	16	30	4	-1	3	12	31	24	36	7
