6
1
-1	26	-1	-1	-1	-1	28	-1	24	-1	-1	-1	4	-1	-1	-1	-1	20	-1	-1	-1	10	-1	-1	-1	-1	16	34	15	-1	-1	-1	-1	27	-1	-1
-1	21	29	-1	-1	-1	-1	-1	-1	-1	-1	-1	-1	-1	-1	-1	-1	-1	-1	-1	-1	-1	-1	-1	-1	-1	-1	-1	14	-1	30	-1	-1	-1	-1	-1
-1	-1	-1	-1	-1	13	-1	-1	-1	-1	-1	-1	-1	-1	-1	-1	-1	-1	-1	-1	-1	-1	-1	-1	-1	-1	-1	-1	-1	-1	35	33	-1	-1	-1	-1
-1	27	-1	-1	-1	-1	-1	-1	-1	-1	-1	26	-1	-1	-1	-1	-1	-1	30	-1	-1	-1	-1	31	4	-1	-1	19	-1	-1	-1	-1	-1	-1	-1	-1
-1	-1	-1	-1	-1	-1	-1	-1	-1	-1	-1	-1	-1	-1	-1	-1	-1	-1	-1	-1	-1	-1	36	-1	-1	-1	-1	-1	-1	-1	14	-1	23	-1	31	-1
15	7	-1	-1	-1	-1	-1	-1	-1	-1	-1	-1	-1	-1	-1	-1	-1	-1	-1	-1	3	-1	-1	-1	-1	-1	-1	-1	-1	-1	-1	34	-1	-1	-1	-1
-1	22	7	-1	-1	-1	27	-1	-1	-1	-1	-1	-1	-1	-1	-1	-1	-1	-1	-1	-1	-1	-1	-1	26	28	2	-1	-1	-1	34	-1	-1	18	-1	-1
-1	34	-1	-1	-1	-1	-1	-1	-1	17	-1	-1	-1	-1	-1	-1	-1	-1	-1	-1	-1	-1	-1	-1	-1	-1	-1	-1	-1	-1	-1	-1	-1	-1	-1	-1
-1	-1	-1	-1	-1	-1	-1	-1	35	-1	-1	-1	9	-1	27	-1	-1	-1	-1	-1	-1	-1	-1	-1	-1	-1	-1	-1	-1	-1	7	-1	-1	-1	32	26
-1	-1	-1	-1	-1	-1	-1	-1	-1	-1	-1	-1	23	-1	-1	-1	-1	-1	-1	-1	-1	-1	24	-1	-1	-1	-1	-1	-1	4	-1	-1	29	20	33	-1
-1	-1	-1	-1	-1	-1	-1	33	-1	-1	-1	-1	-1	-1	-1	-1	-1	-1	-1	31	-1	-1	6	-1	-1	-1	-1	-1	24	-1	-1	-1	-1	2	-1	-1
-1	-1	-1	-1	-1	-1	-1	-1	-1	-1	-1	-1	-1	-1	35	7	-1	-1	-1	-1	-1	22	-1	23	-1	33	-1	-1	-1	-1	-1	-1	-1	-1	4	-1
-1	-1	-1	-1	-1	-1	-1	-1	-1	-1	-1	-1	25	29	-1	-1	-1	-1	-1	-1	-1	-1	-1	-1	3	-1	-1	-1	-1	-1	23	-1	-1	-1	-1	-1
-1	-1	30	-1	-1	-1	-1	-1	5	-1	-1	-1	-1	-1	-1	-1	-1	-1	11	-1	-1	-1	-1	33	22	-1	-1	-1	-1	-1	-1	-1	-1	-1	-1	-1
-1	-1	-1	-1	-1	-1	-1	-1	27	-1	18	-1	10	21	-1	-1	22	-1	23	-1	12	-1	-1	-1	-1	-1	-1	-1	-1	-1	-1	-1	-1	17	-1	-1
-1	-1	-1	-1	-1	-1	-1	-1	-1	-1	-1	-1	-1	-1	-1	-1	-1	-1	-1	-1	-1	30	-1	-1	-1	32	-1	-1	-1	-1	-1	-1	-1	-1	-1	-1
-1	-1	-1	-1	-1	-1	-1	-1	-1	-1	9	-1	-1	31	-1	-1	-1	-1	-1	-1	-1	24	-1	22	-1	-1	-1	-1	-1	19	-1	10	18	-1	-1	-1
-1	-1	-1	-1	-1	-1	-1	-1	-1	-1	-1	32	-1	-1	19	-1	3	-1	-1	-1	-1	-1	-1	6	-1	-1	23	-1	-1	17	-1	-1	-1	-1	-1	-1
-1	-1	-1	27	-1	-1	-1	-1	33	-1	-1	-1	-1	-1	-1	-1	-1	-1	-1	-1	-1	-1	-1	-1	-1	-1	3	-1	-1	34	-1	28	-1	-1	-1	-1
-1	13	-1	-1	-1	-1	-1	-1	-1	32	-1	-1	-1	-1	-1	-1	-1	-1	-1	-1	-1	11	-1	-1	-1	-1	-1	-1	-1	27	-1	-1	-1	-1	7	15
-1	-1	-1	31	-1	-1	-1	-1	-1	-1	-1	-1	-1	-1	-1	-1	-1	-1	-1	-1	-1	-1	-1	1	-1	-1	25	20	-1	-1	-1	-1	-1	-1	-1	-1
-1	8	-1	-1	9	-1	-1	-1	-1	-1	15	-1	-1	-1	-1	-1	-1	35	-1	-1	-1	18	-1	-1	-1	-1	-1	-1	-1	-1	-1	-1	27	-1	2	-1
-1	-1	-1	-1	-1	-1	-1	-1	29	4	5	-1	-1	-1	-1	-1	-1	-1	-1	-1	-1	-1	-1	-1	-1	6	-1	-1	-1	-1	-1	-1	-1	-1	34	-1
36	-1	-1	-1	-1	-1	-1	-1	3	21	-1	-1	-1	-1	-1	-1	-1	-1	-1	-1	-1	17	19	-1	-1	8	-1	-1	-1	-1	-1	-1	-1	-1	-1	-1
-1	18	-1	-1	-1	-1	-1	-1	-1	-1	-1	-1	-1	-1	-1	-1	-1	-1	-1	-1	-1	35	-1	-1	-1	-1	34	13	-1	-1	-1	-1	-1	-1	-1	-1
-1	-1	19	-1	-1	-1	-1	30	-1	-1	31	-1	20	-1	-1	-1	-1	-1	-1	-1	-1	-1	-1	12	-1	-1	-1	-1	-1	-1	-1	-1	-1	-1	-1	-1
3	-1	17	36	-1	-1	-1	-1	-1	-1	-1	-1	-1	-1	-1	-1	11	-1	-1	-1	-1	-1	-1	-1	-1	5	-1	-1	-1	-1	-1	-1	-1	-1	27	-1
-1	-1	-1	-1	-1	-1	-1	-1	11	-1	13	18	-1	-1	-1	-1	-1	-1	-1	25	-1	-1	-1	-1	-1	-1	-1	-1	-1	-1	-1	35	-1	-1	-1	17
-1	30	-1	-1	-1	-1	-1	-1	12	-1	20	-1	-1	24	-1	28	-1	-1	7	-1	-1	-1	11	3	-1	-1	-1	-1	-1	-1	-1	-1	-1	-1	-1	-1
-1	-1	-1	-1	-1	5	-1	-1	-1	-1	-1	15	-1	-1	-1	-1	-1	-1	-1	-1	-1	14	-1	-1	-1	-1	-1	1	2	-1	-1	-1	-1	-1	-1	-1
-1	-1	-1	32	-1	24	-1	-1	-1	27	4	-1	-1	-1	-1	-1	-1	33	-1	-1	-1	-1	-1	-1	23	-1	11	-1	-1	-1	-1	-1	-1	-1	36	-1
-1	-1	-1	-1	-1	-1	-1	-1	-1	-1	-1	-1	-1	-1	-1	5	34	-1	3	-1	-1	12	-1	-1	-1	-1	-1	-1	-1	-1	-1	-1	-1	-1	-1	-1
-1	-1	-1	-1	-1	-1	-1	-1	-1	-1	-1	-1	-1	-1	-1	18	-1	-1	-1	-1	-1	-1	-1	-1	-1	-1	-1	-1	20	-1	33	1	-1	-1	-1	27
-1	-1	-1	-1	-1	-1	-1	-1	-1	-1	-1	-1	-1	-1	-1	-1	27	-1	-1	-1	-1	-1	17	-1	32	-1	-1	5	36	-1	-1	-1	35	-1	20	-1
22	-1	-1	-1	-1	-1	-1	-1	-1	10	-1	-1	-1	-1	-1	-1	-1	-1	-1	-1	-1	-1	-1	-1	-1	-1	-1	-1	-1	-1	-1	-1	-1	-1	-1	-1
-1	-1	13	-1	-1	-1	-1	-1	14	-1	-1	-1	-1	-1	-1	-1	15	-1	-1	-1	-1	-1	18	-1	-1	-1	-1	-1	-1	-1	10	-1	-1	-1	-1	-1
