6
1
-1	-1	-1	-1	-1	-1	2	-1	-1	-1	-1	-1	-1	-1	-1	-1	-1	-1	-1	-1	-1	-1	-1	-1	-1	-1	-1	-1	-1	-1	-1	-1	-1	-1	-1	-1
-1	-1	-1	-1	-1	33	-1	-1	-1	-1	-1	-1	-1	-1	-1	-1	19	-1	-1	-1	-1	-1	-1	-1	-1	-1	-1	-1	-1	-1	-1	-1	13	-1	-1	-1
-1	-1	-1	4	-1	-1	-1	-1	24	-1	-1	-1	-1	14	-1	-1	31	-1	-1	-1	-1	9	-1	2	-1	-1	-1	-1	-1	-1	-1	-1	-1	23	-1	-1
9	-1	-1	-1	-1	-1	-1	-1	-1	-1	21	-1	-1	-1	-1	-1	32	22	-1	-1	-1	17	-1	34	-1	-1	3	-1	-1	-1	-1	20	-1	-1	-1	-1
-1	-1	-1	-1	-1	-1	-1	-1	-1	-1	-1	-1	-1	-1	1	-1	-1	-1	29	-1	-1	-1	-1	11	-1	-1	30	-1	26	-1	-1	-1	-1	-1	-1	-1
-1	-1	-1	-1	-1	-1	-1	-1	-1	-1	-1	-1	-1	-1	-1	-1	2	-1	-1	-1	-1	-1	-1	-1	-1	-1	-1	-1	-1	-1	-1	36	-1	-1	-1	-1
-1	17	-1	32	-1	-1	-1	-1	-1	-1	-1	-1	-1	-1	22	-1	-1	-1	-1	-1	-1	-1	-1	19	-1	-1	-1	-1	-1	-1	34	-1	-1	-1	-1	-1
-1	-1	-1	-1	-1	-1	4	2	-1	-1	-1	-1	35	-1	-1	-1	-1	-1	-1	3	-1	-1	-1	-1	-1	-1	-1	-1	-1	-1	15	32	7	-1	-1	-1
-1	-1	-1	-1	-1	-1	-1	-1	-1	-1	-1	-1	-1	-1	-1	-1	-1	-1	-1	-1	-1	-1	-1	-1	-1	-1	-1	36	-1	-1	-1	-1	-1	-1	-1	-1
-1	-1	-1	-1	-1	24	29	-1	-1	-1	-1	-1	-1	-1	-1	-1	-1	-1	-1	-1	-1	-1	-1	-1	-1	-1	-1	-1	-1	-1	-1	33	1	-1	12	-1
-1	-1	28	-1	-1	-1	16	-1	-1	-1	-1	-1	-1	9	-1	-1	-1	27	-1	-1	-1	23	35	14	-1	18	-1	-1	30	-1	-1	-1	-1	-1	26	-1
-1	-1	-1	-1	-1	-1	-1	-1	-1	-1	-1	-1	-1	-1	-1	-1	30	-1	-1	9	-1	-1	31	-1	-1	-1	-1	-1	-1	-1	-1	-1	-1	-1	-1	-1
24	1	-1	-1	-1	-1	34	32	28	-1	-1	-1	-1	-1	27	-1	-1	-1	-1	-1	-1	-1	-1	-1	-1	-1	-1	-1	-1	-1	-1	-1	-1	-1	-1	33
-1	-1	-1	-1	-1	-1	-1	-1	-1	-1	-1	-1	-1	-1	-1	23	-1	-1	-1	-1	-1	27	-1	-1	-1	-1	-1	-1	33	35	20	-1	-1	11	-1	-1
-1	-1	-1	-1	-1	-1	-1	-1	-1	-1	30	-1	9	-1	-1	-1	-1	6	-1	-1	22	-1	-1	-1	-1	-1	-1	-1	-1	-1	-1	-1	-1	19	-1	-1
-1	-1	-1	-1	-1	-1	-1	-1	-1	-1	-1	-1	-1	-1	31	-1	-1	-1	-1	-1	30	-1	-1	-1	21	-1	-1	4	-1	-1	-1	-1	-1	-1	-1	-1
-1	-1	-1	-1	5	32	-1	22	-1	-1	-1	-1	-1	-1	-1	-1	-1	-1	-1	-1	-1	-1	-1	-1	-1	13	23	-1	-1	-1	-1	-1	-1	-1	-1	-1
-1	-1	-1	-1	-1	8	-1	-1	-1	31	27	-1	3	-1	-1	-1	-1	-1	19	-1	-1	-1	-1	-1	1	-1	-1	-1	-1	-1	-1	-1	-1	-1	-1	-1
-1	-1	-1	-1	-1	-1	-1	-1	-1	-1	-1	-1	13	3	-1	-1	-1	-1	-1	-1	-1	-1	-1	-1	-1	-1	-1	-1	-1	19	-1	-1	-1	-1	-1	7
-1	14	-1	-1	-1	-1	23	-1	-1	-1	-1	-1	-1	-1	-1	-1	-1	-1	-1	-1	-1	-1	-1	-1	-1	-1	34	-1	-1	-1	-1	-1	-1	-1	-1	-1
-1	11	-1	-1	16	-1	-1	-1	-1	-1	-1	-1	-1	19	26	8	-1	-1	-1	-1	-1	-1	-1	-1	-1	-1	7	-1	15	-1	32	5	-1	-1	-1	-1
-1	-1	-1	-1	-1	-1	-1	-1	-1	33	-1	27	-1	-1	-1	14	-1	-1	-1	-1	-1	-1	-1	-1	-1	-1	-1	-1	20	-1	-1	-1	-1	-1	15	-1
-1	-1	-1	-1	6	-1	5	-1	7	-1	-1	11	-1	-1	-1	-1	10	-1	36	-1	-1	-1	-1	29	-1	-1	-1	-1	-1	-1	-1	-1	27	-1	-1	-1
-1	-1	35	-1	-1	-1	-1	-1	-1	-1	15	-1	29	-1	12	-1	-1	-1	-1	-1	-1	-1	-1	-1	-1	-1	10	-1	13	-1	-1	21	-1	-1	14	-1
-1	16	-1	-1	-1	-1	-1	-1	-1	-1	-1	8	-1	-1	-1	-1	-1	-1	10	-1	-1	-1	-1	-1	-1	-1	-1	27	-1	-1	36	-1	-1	-1	22	-1
-1	-1	-1	-1	-1	17	-1	-1	-1	-1	-1	30	-1	-1	-1	-1	-1	-1	-1	-1	-1	-1	-1	-1	-1	-1	16	-1	-1	-1	-1	-1	-1	-1	25	-1
-1	-1	-1	27	-1	35	-1	-1	6	13	-1	-1	-1	-1	-1	-1	7	19	2	-1	-1	-1	-1	-1	-1	-1	-1	-1	-1	-1	-1	-1	34	-1	-1	-1
-1	-1	-1	-1	13	5	-1	-1	-1	-1	-1	-1	-1	-1	28	-1	-1	-1	-1	-1	-1	-1	-1	-1	-1	-1	-1	-1	-1	-1	-1	-1	-1	-1	4	-1
20	25	-1	-1	-1	4	1	7	-1	3	-1	-1	-1	-1	-1	24	-1	5	-1	-1	-1	-1	-1	-1	-1	-1	-1	-1	-1	-1	11	-1	-1	-1	6	-1
-1	-1	-1	-1	22	-1	-1	-1	-1	-1	-1	18	-1	-1	-1	-1	-1	-1	-1	-1	-1	-1	-1	-1	-1	26	-1	-1	7	-1	-1	-1	-1	13	-1	-1
-1	-1	-1	-1	32	-1	-1	-1	-1	-1	-1	23	-1	-1	-1	-1	-1	-1	-1	-1	-1	10	-1	-1	-1	-1	-1	-1	-1	-1	-1	-1	-1	-1	-1	-1
-1	-1	-1	-1	-1	-1	-1	19	-1	-1	36	-1	-1	-1	-1	-1	-1	-1	-1	-1	-1	-1	-1	-1	-1	-1	-1	-1	-1	-1	-1	-1	-1	-1	-1	-1
-1	-1	-1	-1	33	-1	-1	-1	-1	-1	-1	-1	-1	-1	14	-1	1	-1	-1	26	11	-1	-1	-1	25	-1	-1	-1	-1	-1	-1	-1	-1	10	-1	32
-1	-1	-1	-1	21	28	-1	-1	-1	22	-1	-1	-1	-1	-1	32	6	4	-1	-1	-1	-1	-1	-1	-1	-1	-1	-1	-1	-1	9	27	-1	-1	-1	-1
-1	-1	-1	-1	-1	-1	-1	-1	-1	-1	-1	-1	-1	-1	-1	-1	-1	-1	-1	-1	-1	-1	-1	-1	-1	-1	2	-1	-1	-1	-1	-1	8	17	-1	20
-1	-1	-1	-1	-1	12	-1	-1	21	-1	-1	-1	-1	-1	-1	-1	-1	-1	30	-1	-1	-1	-1	-1	-1	-1	-1	3	-1	-1	-1	18	-1	-1	-1	-1
